85 221 0 168 179 216 167 33 87 116 249 212 7 85 162 259 136 15 260 273 290 285 63 213 226 96 230 224 214 29 172 28 40 174 146 121 14 82 68 26 271 111 11 89 298 61 117 177 23 163 140 147 237 42 131 287 201 98 199 138 45 35 205 12 192 152 154 228 30 297 256 206 186 47 262 233 272 123 189 278 94 49 151 169 175 2 
75 234 296 108 54 41 88 103 72 148 159 246 24 133 161 276 227 137 225 107 105 187 56 18 156 60 129 57 21 91 39 277 282 241 239 244 64 185 50 295 243 207 170 73 160 48 25 83 101 219 196 242 266 59 66 223 71 252 215 176 120 155 126 279 143 69 1 153 208 84 247 149 132 274 165 183 
62 36 180 184 164 75 134 203 210 127 92 95 193 218 74 171 263 125 261 44 200 245 79 166 188 53 281 128 284 204 202 254 157 158 258 109 195 22 114 6 76 90 10 93 283 119 139 16 112 264 265 182 141 231 97 229 240 178 9 173 211 257 130 
41 65 34 275 110 80 294 13 58 144 38 267 113 232 32 102 217 122 268 236 253 191 27 197 190 235 118 5 124 291 181 292 250 106 280 104 100 17 288 37 293 77 
22 99 4 286 62 150 19 222 209 269 70 81 248 31 51 55 115 78 142 145 251 194 52 
11 8 299 220 198 3 86 20 289 43 270 135 
3 255 67 46 
1 238 
0 
0 
0 
0 
0 
0 
0 
0 
0 
0 
0 
0 
0 
0 
0 
0 
0 
0 
0 
0 
0 
0 
0 
0 
0 
0 
0 
0 
0 
0 
0 
0 
0 
0 
0 
0 
0 
0 
0 
0 
0 
0 
0 
0 
0 
0 
0 
0 
0 
0 
0 
0 
0 
0 
0 
0 
0 
0 
0 
0 
0 
0 
0 
0 
0 
0 
0 
0 
0 
0 
0 
0 
0 
0 
0 
0 
0 
0 
0 
0 
0 
0 
0 
0 
0 
0 
0 
0 
0 
0 
0 
0 