64 1992 4494 4090 4839 5868 3629 4379 5693 311 6547 3773 9109 4154 208 2605 5885 6740 9702 5815 7867 5892 5732 9872 4450 864 7309 6101 9252 2343 9070 3685 5062 7882 3119 272 6313 6416 6460 7501 6904 2344 3635 3536 7610 7904 8565 288 9021 1289 7854 4144 5155 8809 3091 6226 2769 9708 8875 2204 9750 1582 101 8124 3207 
481 7657 8878 5858 3090 4984 8699 1689 8978 1024 2074 1879 8950 9636 7000 9144 5875 6529 8203 5621 4011 7483 6863 5941 4433 7926 8126 2360 2291 5694 3906 7149 4366 8481 5352 5794 1188 1949 1831 4773 2896 3534 9231 984 8872 350 6908 7394 1590 40 7164 967 1525 249 1286 7071 4335 1163 3508 8199 581 9245 7153 8231 619 6687 4175 1977 548 1533 362 3516 9099 5272 8663 9338 1623 8913 712 7813 5597 5325 4476 7436 8332 5758 794 5463 1092 3630 3959 6152 8572 3134 1367 6285 4363 1452 7405 9404 9596 8716 605 229 2298 6154 3723 5225 5988 1905 998 5138 2926 2038 3733 8430 7641 2499 5895 4978 7784 5127 5531 2145 1961 1726 7918 1020 1157 4218 6795 685 1060 5953 9719 6505 1878 7969 4069 722 7951 3836 4614 8959 3310 6063 5048 7487 5825 8120 2457 4865 4600 7069 6289 6616 562 2847 451 3903 4127 8726 6227 9391 8156 3185 6524 3492 5669 1277 73 9532 3504 1327 8106 5788 3619 7568 5416 5179 6322 4778 2494 6124 4220 7825 4023 2097 1473 6470 54 3259 8543 9354 7968 6650 9461 7374 7833 4662 7350 1213 8625 3929 8934 3797 9885 3313 265 5877 8364 6467 9970 2138 7348 8874 6230 2550 5889 8948 4160 8080 7992 579 3941 7559 4622 2764 3223 8222 4308 6242 5575 8503 5647 913 3012 2868 9573 2650 1185 5896 9097 7820 1575 4292 5618 1001 5461 2625 1599 4795 3229 1744 9536 590 1540 2321 5173 4996 3626 9146 8046 8554 7189 8825 868 2492 1107 6595 6093 5606 4568 8238 7283 7163 6690 3063 2152 1300 7093 3440 9005 9601 9350 8078 9250 1887 5269 4239 9614 4197 1408 7814 4766 3931 6993 2908 7133 3637 8618 7751 9794 5961 1691 7154 302 1374 8870 3984 7157 7264 8123 5538 7241 7950 224 9281 3978 8677 2188 1652 5884 6828 9178 9465 1150 5244 3289 5775 44 3611 7057 2363 8282 438 3503 1718 2610 3897 4474 4189 9476 888 587 2103 7996 8612 5874 5432 3711 2134 5157 8327 3111 8345 321 2326 1658 1120 3043 3664 1829 8275 4298 5476 7586 2816 1088 9639 3035 6080 3237 6288 8308 5175 181 9967 144 2096 7593 3084 316 3631 6439 1153 9811 242 3713 8201 6479 4054 9439 3922 4399 9770 9488 5265 3559 4922 4732 3965 3224 4700 8196 4811 3819 5037 3380 8636 4592 3588 7476 8138 7702 7290 2170 7252 3883 6613 3517 7937 4277 8337 2358 6073 4374 6291 1823 748 3884 3712 2276 3825 3857 8377 4760 5524 8499 7472 7105 9891 2169 2836 3064 3427 8163 3204 9387 5543 4962 638 4650 8865 6087 8154 3069 2862 5790 3126 5364 6241 142 9312 3286 7391 8594 1226 1662 4332 1722 3698 3048 3115 5044 5077 4124 9876 7349 7160 6870 4158 
62 672 2735 423 3253 2356 7399 203 5359 3030 1625 1040 3430 4208 3022 6526 448 3566 4720 3362 5284 1411 7635 1610 4881 4722 6429 6431 5739 3955 7653 2290 2863 6622 5384 634 8821 5260 8741 3560 8753 8633 336 8648 8463 4378 4445 6492 7257 9599 8122 899 3378 9499 8898 1950 2130 9004 107 1602 8365 2544 8905 
37 2009 1543 9563 9619 700 4059 4758 7929 9140 5769 2316 2384 3475 3334 6189 7347 7940 9944 2589 586 7316 4087 2119 575 2011 3114 3767 7113 8819 5052 516 9333 9092 589 7960 3788 5513 
111 6822 7463 9504 580 1227 3008 726 768 5934 4003 8586 2663 2061 313 4205 8991 1773 4405 8155 8464 9100 9044 8394 2454 7736 9713 5492 4573 4361 8732 7139 1975 7703 2749 1155 3809 9760 1085 6725 4275 6594 3265 6482 8561 1064 8197 2258 2007 8623 2677 7089 5072 869 9088 9467 5407 7606 5029 4186 6766 2055 2554 1892 8371 1510 8069 3346 4908 296 7615 8267 4156 611 6675 6693 4432 3097 5456 557 8611 790 8301 3665 2628 4393 6487 9196 1089 8044 7375 6339 729 3275 1898 7943 2307 8674 4268 6273 5857 3762 8535 2878 410 204 5398 5286 5555 3456 1680 1293 
60 7109 2166 9495 3149 6724 1883 6669 8104 8088 1416 1519 9571 2122 9798 2844 539 9682 7322 4560 2831 2561 3501 670 6679 2025 3828 8813 9366 6953 2911 946 4971 5298 8516 6682 6951 8297 7675 8061 8734 1538 6980 6072 9501 6408 4386 8500 631 7050 9663 7376 6520 3023 9895 8162 8701 5776 2491 5274 7878 
40 4094 1209 8773 8274 3409 6296 9979 9191 1833 2512 9581 1776 3490 5717 4867 9559 6208 7186 2507 5343 5626 8892 8823 9042 7575 2486 262 1657 8776 3774 8047 1559 7049 7667 7985 5682 8802 2659 2909 9069 
76 1066 2519 6689 1097 6412 3869 6252 5954 7711 3050 6409 4455 5158 4088 8059 5017 9965 3795 7631 658 1218 7116 583 3257 7329 3833 1111 9733 5295 6173 2660 6397 905 34 9230 8721 5851 5103 3810 2058 6353 1236 3191 738 115 6231 5733 7571 2931 3438 158 6530 8749 8845 9839 347 9924 8846 4240 6249 4032 8330 7966 9755 7206 5883 9909 1336 3349 9311 2579 3000 7044 464 5047 5760 
83 1335 6466 7928 1515 837 6706 1757 519 3307 3055 5424 3444 5970 4058 3555 585 4150 6321 7097 5756 9575 9633 4245 3176 8187 8055 7401 2825 5069 2181 3453 6615 7082 8458 4869 2651 7174 8110 4953 199 3615 1215 8191 7438 9171 2551 8614 9579 4965 6907 1715 5040 1369 4441 2128 6850 8595 9424 3269 3986 2346 1706 8452 7519 8389 6441 4339 6999 3687 1522 6881 3388 8070 2411 2983 8147 5596 3033 1136 8738 5275 7261 5707 
70 4309 6670 7957 4948 8102 6541 4475 6849 9806 1651 568 4733 6767 7451 7687 8449 8566 7561 7028 5234 5662 266 5120 1797 168 9002 6818 5920 7948 3292 6897 2192 5083 6094 1325 9963 1844 4898 1789 3330 5638 4427 3472 7520 3178 1915 8752 3389 3911 4448 9413 7659 6015 8895 1129 4753 3256 9220 4678 5828 6349 4747 5449 1244 9396 9309 8501 900 4951 3954 
42 8175 1560 8477 8731 8329 84 9675 2986 6115 9216 4525 1978 8342 6900 8395 5027 1664 3692 541 606 5161 55 4687 9411 375 489 8227 3325 6172 4764 6133 7916 2110 6630 8973 4872 4249 1233 3901 1785 7671 641 
77 6031 4586 9666 6139 8189 9011 1530 200 3168 9463 2881 2495 2382 874 409 7847 5347 4017 633 9763 3246 5321 1333 7910 6709 8469 1737 9542 7033 5223 6516 7706 6049 9603 528 7780 8014 5943 4340 3962 2475 5303 4373 1464 8393 8680 5648 9582 4148 1763 9509 891 33 5246 3074 6287 1919 4230 5075 5580 6614 389 4303 446 329 447 430 1341 9569 2148 7223 3781 8178 9786 2940 9034 8169 
50 9256 5018 2695 9550 1 9981 8995 9449 6793 10 1539 1555 6363 5506 4301 2693 9615 2379 14 6525 5518 932 2005 8810 1486 9162 8006 7262 4900 6214 9994 5644 2970 5912 3917 5257 8058 9814 1476 3095 8570 2349 4774 4465 3028 8885 9431 8718 3523 8278 
96 2432 5192 9393 3580 9313 2883 4214 7318 6913 6694 7810 1794 477 9820 394 3540 3311 2748 8290 5377 6128 9549 9251 7194 5959 9943 5614 8672 7872 1787 9539 1283 8153 5301 2462 613 6184 7402 8234 4004 3553 5217 5530 8886 7003 7560 8780 3296 3187 3864 3198 7258 2721 9098 2549 4287 3179 7170 5109 6543 5772 7850 9520 9764 0 3923 2144 6895 5821 432 1174 5046 7173 8001 2029 7964 7766 6458 5512 8582 9726 2604 7214 5749 6246 7783 7335 1558 4178 4790 4305 398 392 131 7617 3880 
43 6783 6403 549 6831 24 9523 9679 4679 1724 5402 4873 3988 6269 741 696 7293 5218 6745 8736 6329 7088 3527 8509 1323 9090 271 7355 6910 1914 5094 5734 7276 1501 5021 1496 9462 8745 6583 9921 1056 7152 7713 5293 
99 7475 2465 88 6901 6663 8670 502 661 400 8434 8410 854 8086 2352 8747 2118 4657 3066 9712 2132 1474 1835 4403 9118 5054 9037 3746 6188 3232 7762 2292 3393 1331 4834 843 7457 8239 4924 4406 4734 4689 524 8883 2653 1271 230 5913 2082 7490 4744 5169 8767 5140 7368 5925 5852 7094 9447 1934 6620 1827 8976 7665 6378 2766 4840 693 4660 2978 5724 3211 5827 2852 4768 8366 7924 6891 5747 7754 7062 6506 5807 5793 337 2387 7443 7796 3668 4745 454 2533 558 9742 1238 4582 2050 8998 8125 5067 
55 187 9913 1113 5189 6735 5971 442 8588 533 245 1177 933 5212 6155 5282 8803 5829 493 164 8188 8412 6886 9819 1422 9647 6398 2673 8981 9265 1143 1480 4862 7778 8510 4496 872 8598 1334 2255 1379 3806 5203 8026 6826 6166 7421 1615 9500 8634 367 103 7773 6830 8240 6834 
74 8292 48 5324 6381 719 19 6662 2774 8024 1512 4877 2869 2828 2313 2436 902 6200 1869 8073 4666 2324 9104 6645 1186 9135 640 9557 4986 4291 7226 8682 6413 2470 2207 2425 9527 9487 908 3338 6657 4481 2969 3694 9160 4046 3722 8605 5813 3248 8451 4859 6209 3742 1274 488 2133 78 983 2182 1698 1642 1093 6955 9747 7251 8349 3080 1619 9956 2185 9215 8053 6623 5434 
63 4601 9752 303 7965 2917 7429 5445 3549 222 9305 4618 4855 5335 3371 1135 211 1245 6639 5699 9897 1160 2385 9617 2355 2919 5837 7595 3439 5437 6476 6474 3735 2556 9992 8645 5861 3663 8300 9809 7808 1311 2160 7010 560 7864 1762 8536 2857 8272 6703 1169 6698 6825 5008 5405 6274 5553 5475 8455 7247 6394 8418 9803 
48 6002 2581 6952 1228 1593 825 2718 5250 5486 8289 5976 1448 3487 67 8316 3924 7817 9968 8553 788 7530 6217 5833 4162 2767 4134 1536 6941 4010 1969 5754 3312 7359 9189 9840 5625 2269 3749 3679 6051 8569 5467 1740 9568 632 6750 8519 5944 
43 2949 1178 3817 8890 3655 4387 1399 174 4052 5505 4820 6481 4510 8641 9552 1614 7303 9775 6388 1318 2819 6104 6631 7 9931 7123 1038 7138 5264 1207 2427 7708 8002 1972 2252 8910 616 9887 8054 1288 6997 9334 3987 
61 3442 7956 7499 1138 4435 6228 5716 8962 4842 3025 7468 3468 9743 7816 6647 2330 3790 2164 871 1282 8099 1302 1947 2760 1861 4921 9574 624 1159 3926 8676 3109 7345 2593 4337 7978 165 7831 8683 4728 3113 2372 4977 6187 9214 7427 5978 6958 5950 2936 3971 3128 6919 5697 58 8939 6918 4841 5841 8210 8607 
37 9707 5299 1273 1105 9626 6039 4536 8711 9392 3751 7630 8830 5382 9929 9686 6680 1885 8016 6610 6644 2530 2897 3934 124 731 955 9915 86 8036 757 5111 5055 8375 3545 4296 2671 2508 
32 9976 7013 1421 7020 4836 4255 3970 5844 7117 4371 643 1433 6066 6868 2591 9732 5643 5469 3676 1074 8526 8893 8417 1748 18 8839 3359 7954 9032 9827 2876 1009 
36 6263 1867 769 8708 9084 7040 9409 3654 474 7196 5156 8637 9654 2440 935 4940 5888 5654 9246 1054 6293 895 225 739 1959 7092 2741 3542 1208 1670 6527 3755 3586 9759 4987 6494 
52 2571 2720 4071 7070 273 2920 4307 6807 6961 29 2941 4829 3539 17 4204 5247 9868 9624 3428 2037 745 6281 7651 9124 7909 4998 3957 1793 9148 1906 9540 1645 2022 3488 8487 3942 1586 8083 6019 7242 2752 3652 3591 6315 2615 9600 1137 2618 3975 4129 234 7281 
84 3607 7936 5572 8967 6582 1875 4209 4221 8312 1508 9219 5014 6762 137 5864 2351 7461 7091 7259 8755 9239 7788 4932 4915 8415 3659 6386 9706 3011 2177 6382 1836 5640 5528 3096 8172 4131 9989 3803 6646 7419 2546 5420 1780 5336 4306 798 486 8206 6892 743 5302 8264 1765 2302 167 1957 4934 1802 8997 9585 4180 7056 5910 5462 7828 5198 3715 6995 1225 3322 6444 4185 7509 6872 9443 3172 1507 8744 6461 2090 5939 3153 4983 
31 2135 4742 677 6277 5497 713 8758 8675 1993 2278 4495 8559 8204 3667 2429 1528 3647 7534 7387 9817 6659 9652 4857 1902 3802 9526 7663 607 1381 6668 2709 
43 4377 7861 3156 2015 8792 284 4815 457 4704 2216 1146 2977 2584 8661 2186 6988 5085 577 5509 6972 351 2088 8900 1506 3441 3681 2592 2683 5142 5839 5623 8251 6212 6621 1462 2858 8319 5390 6433 2704 3107 840 6667 
53 1305 4078 6916 117 5860 9325 5300 2576 3855 372 4346 9799 3578 7716 2209 6984 9952 5375 5967 8667 1330 2875 2547 379 5317 5031 9407 8431 6059 9397 4698 1431 8601 5353 153 6517 5190 1936 4273 9714 9210 6661 2019 3277 1195 2300 4649 8423 6390 4531 8269 5273 3458 
29 4008 5440 9847 6695 9514 920 734 4637 9121 2031 1955 9068 4035 2963 5830 2979 8695 3418 5263 9890 876 5628 4398 2702 2515 9346 7678 1087 9606 
53 7270 5086 8703 622 1866 7640 9187 610 6633 3471 1194 7314 6879 9503 1970 5679 6297 4561 2468 415 7691 6641 3421 9836 3173 7267 698 7732 7791 3454 1123 7205 5619 7143 3750 6602 3509 6062 5226 2131 8790 3771 5949 3336 3001 7305 1484 4390 8891 5666 2697 5616 9290 
72 9003 8310 5235 9888 563 268 8840 8587 3147 2480 3396 3875 6480 458 9972 5632 7912 6393 81 819 8038 1534 7187 9436 6462 2156 3141 8842 8432 4323 3282 4632 9651 4232 4407 4539 3154 4012 6777 8779 2882 7403 6773 9435 4330 7417 9894 4168 6253 7528 6006 6324 1298 154 9867 8986 139 668 5660 6169 6755 217 9386 8936 5139 7333 2860 2834 7280 5000 205 4325 
19 8518 6815 3696 3138 7379 7373 7193 8151 9613 380 7284 9471 7012 2071 2621 1687 687 5556 3088 
41 8640 3167 2559 7952 297 6160 4788 8179 8029 8557 2788 6794 3294 8323 8302 3170 4467 2548 582 4824 3222 1259 7296 6983 2680 9403 8624 9630 3949 5478 5891 4116 2521 6111 391 1254 9850 939 5266 1425 2210 
53 1315 2247 9283 7862 6965 957 5222 9166 4056 1332 9901 7064 7993 190 5808 7188 8489 7287 2944 5991 2184 2810 2867 7873 3646 6971 9485 4246 7512 3403 6570 6399 4029 5847 4274 6121 9483 8344 3018 7523 6256 2242 8815 4548 9997 9048 1322 9608 5508 1663 5977 2658 60 
85 7913 2642 277 6536 3614 7962 9697 8317 5350 2522 5032 2065 3221 7860 2279 6854 3159 5559 2901 3832 397 7037 1668 8081 7728 2381 4152 4647 5186 5550 6812 8704 9356 8975 8478 2262 7664 2759 450 9197 5617 5056 7396 99 4466 7240 2631 5128 4065 5084 7563 5490 4982 416 3301 349 1329 5845 7095 5098 4375 5011 8482 5431 5033 8647 5536 3718 7310 2389 4075 5657 7268 140 3576 2310 9024 5162 2070 8654 8232 5854 6271 3914 5817 
44 6198 1005 2008 3281 9207 5649 4615 7208 6638 5503 8831 6523 8040 332 5695 3721 3775 3583 9846 6643 3778 381 9018 2368 9505 499 9848 4073 1824 999 7892 3728 2974 4110 592 4146 2701 6406 4604 3705 9489 3837 1478 7146 
114 4894 157 5598 5341 2912 2020 8728 7799 1815 6361 6607 8420 4066 6656 9406 5615 7230 7846 3148 4414 2006 3826 6747 2538 1734 3990 1030 7677 4184 8715 7104 5890 1524 1100 7249 150 7546 6069 3816 5711 2690 8868 1986 8042 9164 2957 2338 4016 3849 1755 6058 2335 3510 5344 1660 4195 9263 1415 9408 5287 6248 7493 8664 4858 2989 4068 5764 7341 1061 3905 1428 3027 3982 2406 1117 4571 7340 5725 9258 7970 2350 356 1241 5178 5820 9692 7158 1481 1753 5770 1673 6275 1184 9269 6126 287 9534 8354 9699 3567 2034 8828 1435 9660 9063 4963 8015 2965 8888 7431 2193 7244 3995 1140 
48 961 4143 7141 3103 5381 61 5406 9020 5902 7227 2654 3117 2000 5070 1004 3230 881 9015 1368 4114 216 9896 9980 1561 1320 2109 8903 6211 7147 6521 3287 2886 1952 9486 3853 1699 8762 393 6559 1446 4049 8185 8152 3514 4013 5592 4545 925 
49 1888 3693 8564 1860 6884 3104 2714 4648 3188 3083 3005 6003 2026 8573 6199 1640 2112 5650 2442 3036 7086 4966 6503 2527 942 8245 39 2370 5101 636 173 6387 894 3323 3404 2051 5168 8108 8969 8307 2757 9028 1659 6846 323 7930 312 6986 1022 
32 7119 8520 8271 6654 3457 2297 4355 382 1721 9031 7746 2776 8273 5356 66 4006 1546 264 604 4751 2091 4367 5533 6365 8396 3595 9007 6664 4697 7192 6348 4846 
80 445 1353 1269 9649 7471 9920 9974 8848 8158 8774 8425 6924 4170 3758 2143 6164 7248 1313 9078 4935 5214 128 9830 4826 7444 2787 8653 3263 4318 2780 6966 2999 8882 9744 615 2212 8160 6751 5994 252 4916 9141 2393 4675 4343 6672 7488 7065 2439 9089 5116 3776 1342 9886 6874 5958 2341 5704 2887 8235 9873 7767 8230 4554 7054 8837 781 9717 6057 4210 763 5474 4479 7758 3662 750 4577 20 3618 8789 
35 8406 1735 2418 9199 5241 826 4709 5557 1817 3071 1442 6207 5342 6968 5024 4670 4769 4735 1141 1127 9119 5637 6016 3848 9531 7565 299 7623 9522 9993 2564 8712 70 906 7855 
70 5304 3743 3239 6649 9291 2327 7877 3333 3697 8932 789 9685 5393 5721 2711 8262 6192 3384 3426 730 6836 5034 3717 6327 2856 9735 4705 5751 1686 1845 241 9289 8785 9249 25 1850 1229 9907 9318 1358 1162 647 6564 3155 3320 4952 1703 9145 5146 7300 2620 8849 31 2987 3304 9398 4067 2094 7087 3835 1285 8490 7533 472 1290 690 1542 1939 431 4446 
32 3564 8578 8795 656 4880 1430 1252 7275 799 2972 9687 5564 1922 628 4438 9147 525 9057 6817 8468 269 2772 1720 7343 7393 784 6840 7539 7649 1653 8925 4783 
78 6456 7911 9046 3249 1838 9935 3708 8739 6851 5744 7114 4546 5856 7792 2123 8629 8435 2536 5332 8786 6206 5540 7638 7975 9556 6473 7446 4830 1908 3398 8254 4396 9273 782 7456 5914 6548 412 3 4884 8247 6042 1747 6552 7819 880 9337 3738 8335 8954 5080 8010 6362 3060 359 7942 9107 6320 9324 3511 7798 2510 1769 6894 4572 4620 9529 1882 6037 3998 6509 26 3558 6323 9484 6191 7601 6934 
35 8184 1563 7337 4400 7901 531 6213 6989 461 6340 4278 979 3146 1067 3297 3431 1131 654 5897 3677 8834 3143 736 5239 6589 75 1180 9936 4188 2747 1935 8666 3741 1701 1426 
79 6424 8698 4098 7709 8787 2296 6404 7156 8484 7889 7612 2738 567 4583 7325 8493 1101 8876 4989 1779 8506 5481 1913 5001 4014 6596 7614 9833 2272 7931 847 2264 1048 1393 7894 6678 6581 9547 7802 155 5292 2913 8115 2451 3496 2018 2496 9583 8353 1151 1806 1611 6276 3815 8476 345 1108 8911 776 2405 2534 7859 3720 3243 21 4542 2157 2460 2437 1588 1526 7973 4945 8707 5705 7844 5446 4719 8980 
23 5245 7553 5237 7319 2523 9267 1010 1518 6455 5425 9543 1792 1102 7686 7494 3493 8951 3760 5498 4868 5230 5588 6700 
66 4882 4644 9286 6024 7692 2782 986 6719 1777 9276 6374 4756 9948 4798 2171 286 6279 5635 5211 7620 4930 2141 8662 6319 9072 8004 9933 3650 3061 2183 7212 2668 4603 6225 7945 4612 2365 6936 7317 5283 8056 8242 191 8457 6097 2218 2582 134 4165 4808 6086 5696 5774 5936 944 7151 6118 8658 9644 2806 4911 2010 6032 2227 5599 4091 
35 7229 554 7849 6843 7140 2603 3321 3181 7576 8996 2288 4532 2 8603 4656 9882 3394 9073 4163 969 1466 35 384 694 1458 3782 5520 9355 2684 5763 7025 5471 2287 9430 2200 
33 219 6780 8213 3546 3410 6044 666 425 9077 3648 6925 7662 6085 4711 9611 9298 8150 5340 9376 2244 515 3752 9930 1450 8140 3007 3489 6312 1000 6384 7524 5370 9875 
83 2176 1365 7548 832 596 1206 5426 1943 9975 4384 3691 6842 6089 6902 1746 5526 4879 5514 3227 8339 9928 8220 8413 1700 7407 5907 6946 9272 1239 8963 4499 8534 6078 8590 3065 9508 6920 8764 5163 9838 8851 1716 8820 1424 7007 800 5583 9228 1041 2116 473 2777 4135 8283 2995 8031 1554 2796 6303 1071 6472 804 8655 6551 5 9587 8436 1351 2087 5320 4257 8107 2795 7181 9301 3791 7315 2139 571 962 1931 7289 6890 
50 9670 113 6912 3729 305 6802 1918 4439 5383 9991 5482 2826 8668 1926 6578 7291 8689 3379 2723 850 7030 8005 162 3034 2266 3868 9648 6573 4541 3175 8769 5002 1398 4611 3520 936 6147 8454 4237 9371 8249 3327 828 1356 6477 9922 792 9454 182 2322 
70 6418 7455 3236 5387 2531 6150 6875 7406 4421 4661 8198 9640 4686 1142 9845 9030 6141 2577 1465 7323 2455 6338 497 6856 306 9754 2284 1065 3130 42 9917 6829 52 742 9908 6683 4470 7046 9801 2567 5133 3841 4974 2700 4123 5255 2678 1021 9893 6108 860 8483 3252 5207 1616 7863 2656 7591 7705 5361 5331 1851 5964 5003 7625 8276 5607 8770 2203 8384 
35 9698 5881 8965 7535 1459 2797 2388 8652 459 3770 7633 6491 7096 5457 9731 3789 8504 2107 9177 8938 7787 7643 7122 6306 2871 8460 9961 8479 7378 8985 4674 9689 6791 3878 2951 
29 1447 1407 2233 3197 5948 7320 4511 9459 867 2835 8562 4821 4941 5141 1736 4252 5058 6576 3337 556 79 6624 8089 1204 2961 3478 7983 4803 8684 
62 3049 1492 9402 4537 5818 9852 5491 6377 3904 893 8148 5709 9482 5123 2737 65 3877 3625 1461 9844 938 4787 1592 2805 928 9328 3266 1471 1834 5582 7466 484 243 7365 7556 2611 716 7061 3491 129 2726 5905 4672 3100 4814 5787 3285 4791 8756 1231 4272 9865 8139 8606 8523 3417 994 325 980 4018 479 1547 
34 3245 6485 1414 3276 817 1803 2954 3215 3859 4105 5441 9519 2155 5252 4199 4707 7544 6845 7518 6145 7577 4606 1385 3120 8098 1052 2617 7681 3871 4861 1202 9854 2853 5784 
62 8783 3918 1784 1372 1384 9864 6159 9595 2426 1251 1874 9082 816 2599 9444 9722 6932 3689 8077 5258 434 9565 8390 1814 3649 4569 4708 6284 2092 2532 5786 2555 6510 4534 4284 2469 4174 281 2488 6391 5893 2637 2474 2692 5096 8919 1846 4564 4222 9551 291 5768 885 6295 4458 317 5022 8340 5653 5551 1035 5020 
51 6502 5227 7198 8459 2784 6877 8548 965 7372 8277 5562 2261 1500 9795 3972 5816 4137 4575 4624 9464 5516 6512 4493 1942 6737 6013 4629 4944 2407 7045 3271 4089 6699 2959 3163 771 6331 9378 4382 4903 183 8291 6137 3919 1033 8439 9740 8397 226 4242 4886 
34 8149 7435 1637 9405 3579 109 7398 7180 4959 5113 9052 1013 3196 4885 8021 2899 6168 3291 852 4523 6855 6385 7800 9919 9285 9899 8065 4322 2792 6109 8935 7332 3075 6018 
43 8630 1170 1605 3596 6123 5743 5358 7704 699 627 4781 2736 4449 4099 7727 7809 2984 8513 8438 6774 7536 2447 3935 1457 5430 4681 878 6036 2124 4639 6554 2918 3582 2066 5152 6628 198 149 6549 809 8794 6604 835 
50 2424 7108 315 3329 7768 3989 5369 5748 655 3073 4107 6245 3461 7434 378 9012 4914 7759 3199 7628 9832 7171 9127 7479 4415 9182 6593 3940 4587 6359 4907 1193 1211 4664 5050 6905 7080 396 5124 6967 7172 8806 3054 9238 4853 2885 9287 7947 5800 1545 
45 5727 1609 9347 3208 9473 6493 2928 3575 8370 1778 6684 1819 7865 8547 9353 6346 4669 2314 7857 9934 2444 6605 2557 4128 3328 3077 8688 7145 6519 5690 6544 644 5126 6310 6653 3452 7974 1234 6065 7295 6035 9525 6158 8087 5646 
24 1438 3640 2942 3608 5480 5417 7231 126 1695 5452 9237 5105 2866 301 2698 3902 6569 9668 8552 6060 6606 7168 1801 8012 
36 6135 3358 9232 8023 3885 9720 6580 1008 1880 5965 9502 564 6759 9903 5871 8145 8286 4598 1899 171 1400 7905 4721 1262 3844 6545 4702 927 5924 5147 3889 662 1966 3021 2890 7112 
60 3651 4260 8020 9851 9087 5060 892 5510 5500 7224 1489 3910 5636 8440 720 3786 8328 1973 8979 166 8832 2657 1804 3462 3603 601 3966 6356 267 2717 9751 4593 2981 3829 6082 2513 7120 408 6452 2229 3058 1047 5100 279 2854 3233 1217 9837 6674 6798 4454 6859 7285 8200 6372 3365 22 7362 5665 7611 
59 7891 4112 6558 4635 1223 3541 8462 8224 3557 6575 3666 922 2060 290 3605 1352 8796 1346 8228 6222 6360 4247 8373 9180 4714 2670 6106 1979 9516 916 6982 3213 4688 8599 8048 3794 6561 8853 6395 2420 1766 569 7747 9235 7106 5594 3300 4183 4926 912 1440 9883 6933 8279 1786 7771 2337 6170 7371 
55 1406 2079 5213 8376 5487 5466 9412 1002 9320 1090 2293 9469 2422 2681 5285 3200 1994 2904 4665 3381 9843 8533 9655 8760 9321 4942 9659 7587 8673 5565 4890 5532 7178 4985 6102 4902 72 3101 5986 3135 1444 7504 7674 1596 703 1145 7886 5379 9748 2263 9518 8697 8422 5997 6143 
53 4693 7210 2357 8713 7346 5782 2745 254 4937 5593 8705 3145 9718 7543 3777 4739 1606 4001 5427 6733 8511 3161 4468 3822 9040 4460 5470 3423 7127 1270 1940 4837 7369 8974 7839 1361 1070 4483 1594 9365 1581 7239 4823 2410 8690 8265 5873 8866 4310 3369 6723 9834 2563 
37 2641 1630 7129 6658 6457 9452 2106 9996 1635 3202 7712 9858 6178 2362 8326 6181 6495 6806 6857 7588 202 2016 3748 3395 2274 4597 7098 3763 9175 5036 2254 363 2354 9247 5071 2376 4599 
59 4428 8209 9128 9985 8784 364 2198 5135 6446 9815 8421 8112 2180 8348 4990 7884 7933 2053 8135 884 5608 3552 7454 915 7213 7084 87 4444 5233 5843 7963 5671 3387 9455 7652 1183 985 2067 2877 7144 2283 9955 5612 3376 7297 6860 1812 4357 3046 783 762 6782 522 8838 6867 6257 6917 2049 3745 
54 4706 5990 9137 6752 7357 3459 1852 9691 4194 4084 3779 4285 6430 9804 2696 4807 7737 7386 5043 3364 9410 2937 3122 6012 178 9477 649 3531 4588 576 7658 5850 9340 4061 5759 1585 1278 5570 8589 1258 2962 3702 4844 9898 3863 5960 5561 3158 7001 5068 2329 4923 5723 1076 
74 6110 842 2791 328 6068 6239 6307 481 212 7572 3512 6220 4020 4613 5602 8219 9757 210 5477 2537 761 856 3554 146 9620 772 4958 7110 8992 6947 3519 9053 9678 261 1388 8651 3639 7921 9275 4368 1032 5261 3726 6660 4933 5980 8525 7939 468 4527 3874 7018 8495 6835 7495 7895 3980 8894 1413 1049 8619 9076 333 2943 6635 937 5946 2443 4812 7416 7836 1641 7899 7182 
20 2838 945 3029 8426 2147 326 95 3544 9316 5777 2573 3709 4492 5812 5753 2830 7238 2815 1003 9796 
37 1984 3951 4437 1192 1443 5915 9623 4776 4786 584 9054 3315 8244 4584 9474 5981 6996 1551 4100 1119 5136 6511 7031 8568 3056 1214 5348 6351 8215 4295 3641 1086 6518 251 2373 6096 8717 
46 9544 9768 5710 3572 1697 8447 4233 1363 6125 1326 8681 498 5917 7364 3502 9684 5366 5674 4130 2686 9586 9159 7811 1907 5708 3851 130 3079 3451 2383 4892 2332 388 4491 8545 3201 8591 2732 1339 9767 9999 5661 4108 5499 6300 9849 
44 3160 5112 2520 4352 4673 9382 9657 9345 7464 8167 1511 4854 930 8546 9479 8257 6140 7866 2035 1104 3225 7907 2498 23 4691 8090 6760 6959 7718 4813 4267 7073 4723 1661 6194 6991 9642 390 5587 2487 4192 5294 4145 5459 
75 4223 3067 5698 873 4147 3925 283 3465 8492 8811 278 7298 122 8616 4988 3686 518 7987 3759 6442 8281 7599 3801 7125 3171 5153 9973 1933 7919 3309 5338 4616 8604 7774 5206 4596 8759 2325 4997 2849 4765 4928 777 9959 6236 5104 1026 5177 7980 7377 255 6588 2595 3834 4022 5894 7642 1654 3627 1454 4556 3920 1419 948 3656 3734 778 2529 5563 3533 3612 9781 5414 9860 8884 
43 5746 2742 9274 9401 3891 3601 9282 8574 6804 4910 8207 8902 950 9925 6729 9561 8485 1521 9156 2648 8609 8111 3139 282 9498 2501 3999 8437 2068 8471 4395 2687 8336 8258 5908 9331 2215 6075 9372 1007 3448 2202 9910 
47 9306 6004 7428 4794 6765 8285 5025 1843 1260 4520 2461 1857 2479 4345 1604 7971 4746 7552 6736 4917 1370 9163 6590 366 7699 6282 71 8399 6957 940 8095 6468 625 4079 6696 5604 4817 4901 3633 6994 7826 6964 8171 2606 2208 4383 8942 
33 2915 206 368 6064 6597 5730 4092 6414 8656 6298 1057 453 467 4025 9055 7815 309 9892 4557 9451 3214 8515 6546 1205 4191 411 8424 2032 6978 3643 749 2175 2225 
53 3424 3024 5049 6786 8448 41 1200 57 4228 7277 135 1904 8035 7558 3190 4139 990 1968 3038 5982 9293 8362 8466 2932 4190 6232 2923 1624 7439 5164 9783 5185 7821 5834 2612 8380 5401 6555 1148 110 7719 5215 6827 401 9787 5318 1788 6522 9555 2158 4779 2840 7489 
74 4200 1674 3947 5541 4761 9628 9869 7567 4558 7557 8816 1628 2600 7190 9512 6764 3585 2399 483 1272 1685 5783 1175 4115 1863 977 9538 6814 1873 8298 6251 9761 161 2525 3086 5762 2733 413 2472 8537 5641 9379 6797 53 6233 919 132 3598 5932 9957 3716 2827 9041 9861 4633 7484 6837 7607 4283 2647 1760 6373 3447 9307 7697 9438 4570 3943 679 9211 9591 2922 3284 1837 
58 7585 6304 3866 608 2649 428 2497 6255 1963 7492 6119 1601 1684 6742 8856 5656 439 6475 4658 6244 511 9466 2044 9889 3366 6969 3701 5088 85 992 2771 7041 9134 2675 886 7513 4353 5099 7271 1710 3584 9458 7715 30 2790 5700 7075 3507 9280 5373 5322 7748 669 6911 1643 2902 737 8964 
26 3976 7804 196 3952 4002 8551 2596 5039 2178 4515 2104 5391 683 6292 5689 7749 8539 5479 5969 5334 3415 8508 9765 1705 630 231 
50 513 209 4349 9705 718 2305 6202 5539 4920 7870 1550 3680 7874 1997 6420 7922 9949 5495 6739 9631 476 7250 4036 1165 8906 1711 2662 5655 1535 2768 4727 3996 3341 6935 9604 1665 420 5355 2976 5673 1517 3234 9674 9533 8994 3887 7058 7204 2408 452 
24 5517 3092 7637 8157 1830 4507 6454 2916 376 7019 921 7278 9492 2930 1046 5228 8324 9165 6484 9377 2265 5571 1083 5798 
70 2230 2511 3068 1564 6265 3821 318 6922 9314 3842 5957 1647 7710 9071 9429 9341 775 2320 1263 5409 4034 1553 4617 5622 2220 3524 4528 5664 5313 186 112 3299 9902 6326 4947 754 4060 8105 6977 8763 6134 7741 2808 1072 1889 9780 2960 3521 6811 543 9774 7081 9395 2400 2632 3657 7217 8074 4497 4852 6129 1485 3401 4655 8325 7306 7299 3437 2466 820 
84 2975 6741 4848 3129 5090 6711 956 7666 5566 8915 9769 2626 6567 7934 6023 6985 8367 4202 6744 8665 7342 767 2802 4119 3624 3845 680 508 4651 3261 4264 5801 5329 3574 3699 3345 4899 5911 9103 1328 509 3960 1679 8498 3332 7006 3360 3342 3152 1187 6704 1671 7177 9588 4051 3150 9358 5346 3166 8577 4480 882 4313 9181 3306 2028 9807 1971 4169 6447 5365 574 2331 8369 1014 2734 6847 9253 8908 8808 4311 6717 5439 8497 
42 6053 9255 8382 5307 1655 2992 9419 7648 5291 6305 1529 1999 545 4258 9062 7330 235 9050 2306 8322 1058 4294 3235 7644 5773 4563 13 5867 2024 8735 8541 2594 7842 5819 3039 9217 1633 7100 653 220 8907 2114 
53 3865 7927 4196 7876 69 6718 5182 4875 7690 3840 3740 9954 1629 6008 8109 3339 5862 686 4802 4801 1750 2644 8873 3568 4712 8687 1772 7233 4526 5947 2416 179 6617 1571 3226 6787 6841 2798 6144 3357 1397 4956 8441 1295 455 6355 6112 1562 6514 8226 6302 6853 480 
31 7779 6161 5256 2948 8901 8193 355 1960 612 1246 1795 3977 8142 5251 3660 4015 8096 3283 3162 9646 3250 9797 7739 8398 8 1395 3609 4925 8722 8019 5399 
61 4164 1121 2401 4109 5554 3017 7574 3317 417 9349 7503 1307 5041 7137 1541 1932 9185 2205 5870 7661 813 6264 9295 6938 3725 3177 803 334 5349 7853 988 5488 6790 1280 7400 3861 7584 294 8946 6612 8861 1544 8461 570 3658 8404 2833 5115 8863 6769 7997 2257 3347 9206 9736 4799 8797 1360 5065 2238 6448 
46 6756 9813 6410 5887 4028 6438 7683 4297 5511 1491 2059 6009 5952 3062 3477 4372 177 1182 7344 4887 5081 7521 5145 8064 5151 3587 3707 8256 9260 3352 4102 4422 8341 8114 1216 1983 8295 8221 3535 1011 5900 5735 2773 3644 4341 3525 
52 530 3368 7430 3739 8079 7253 3082 4544 2639 1733 839 2077 2473 1613 1509 3435 7448 7693 8529 4792 7730 7604 8644 5838 2415 127 5323 3258 9027 2108 7764 8945 5933 1799 105 4472 1756 714 5444 2502 2689 6792 7772 3945 5931 327 7869 5412 4241 322 443 9766 
51 5006 9602 5089 5996 5983 5603 9785 4775 1387 2614 5919 4244 838 2789 358 2956 7420 8318 5191 4889 7786 8544 7890 2303 1678 9618 9389 3164 3127 1401 3823 814 4486 3241 6083 8692 717 3419 787 2744 8347 3937 4818 3548 6553 9373 1577 3890 4181 1359 2509 
80 4833 1995 3354 3411 7255 9625 3602 2982 6498 3414 1527 1557 2635 3938 9190 5351 5719 5678 3270 5187 8937 4024 494 2652 4270 6587 106 674 1023 1725 9912 5076 2477 2270 1891 1364 2402 6197 8383 7077 2021 1042 2197 3682 4442 6376 8922 5590 2950 6572 6483 765 5019 5357 7875 1152 6432 3831 3219 4290 1126 2545 9515 1572 2985 111 1696 6445 7818 3613 7038 535 2113 1514 2730 5855 136 1404 3688 1378 
43 9627 9385 2056 4411 9158 9842 2578 8037 7191 74 7629 4749 2585 403 6163 8118 660 92 9962 6237 657 7068 4074 4696 2665 7014 194 6692 256 6540 8121 6038 2476 5194 8660 4026 3706 7743 2428 6801 5197 6440 7482 
31 697 5771 2539 8835 9045 5205 9297 2973 2518 780 2997 8419 8445 233 559 8018 5835 2234 9566 4167 8159 9440 463 4329 4580 9437 6088 4991 756 7410 5174 
50 4630 1267 8351 9805 5507 4225 4717 5134 9136 9213 6713 9150 6940 9988 6290 8009 9460 4423 2299 2173 8359 3406 3385 1423 2378 7514 1468 2906 5378 6114 8924 9530 3206 4513 5328 4251 3015 2249 3604 5840 9986 7898 3571 664 7035 6405 1343 3274 901 2746 
51 2566 6450 4863 4050 4404 8766 6771 1634 8236 2409 8530 9871 2952 7602 5453 5371 9612 4031 8686 1257 5400 7169 6098 2412 7634 189 6301 3460 4226 1161 274 192 3600 7423 4193 6010 5392 246 7753 7079 5270 6045 4425 1483 8880 1084 3076 836 5987 1825 1549 
45 248 5535 9874 4299 4064 5663 802 435 4101 7312 2754 8379 2126 3669 4969 3429 5193 3621 7216 8631 8028 7256 6571 8017 4851 9300 897 3772 7967 1946 9884 9388 8990 4314 1781 8127 991 5639 7272 6776 9914 2516 1210 1261 9938 
69 8309 8338 5757 8346 8521 7243 1580 172 8192 6034 1884 853 2140 3732 6618 578 2235 552 6392 7066 4117 1768 4113 1429 320 6821 7148 9157 8502 6165 2722 2762 8743 8933 7750 2153 5872 4093 7397 5166 996 2398 6149 851 11 1839 8387 8720 9822 6380 9017 5059 2517 8949 8411 7074 1809 8386 3240 598 9560 973 9676 9317 6294 8414 7219 4509 914 
11 482 9927 2850 8177 8917 964 213 7581 2463 7460 667 
50 3991 1276 1240 6000 5627 2967 9738 9064 5799 4659 1079 8259 4021 751 645 8854 3482 5238 5853 2661 7988 2075 8597 8542 6041 15 7453 4640 8754 6666 1268 504 8223 2666 7432 7806 7412 7744 5831 3106 3769 3189 7673 3719 8374 5458 2196 6 6278 9203 
44 4502 565 1221 7465 3830 846 8093 2245 3220 4207 7203 7684 9828 50 1770 5605 6286 9701 1690 6103 8248 4737 5403 2616 9762 5681 5199 2396 4316 3913 9607 1818 8067 9739 1080 9966 752 9746 8381 1036 201 2301 4771 240 
39 4080 5712 3375 2167 951 6584 169 4376 5779 8173 7411 354 529 2036 4605 1062 572 7729 4838 1075 5966 490 7944 9758 8649 4312 5281 6055 1782 1362 236 7426 8202 6943 879 8119 4891 9637 6533 
27 4980 6942 9105 3921 6352 1503 4703 6903 3936 8304 8916 6975 7619 7353 5102 997 2057 8824 5688 3727 304 7589 4741 247 7834 2223 8897 
46 47 6634 849 2304 9537 6132 1631 3102 5803 7150 8953 7794 4211 4045 8229 987 6223 352 4685 8793 8284 2526 6816 3968 4351 9725 2630 2086 4076 8958 6688 3506 8944 2933 7279 7218 8255 1279 404 2842 5224 1337 5752 4418 7976 3870 
37 7102 5668 9680 3116 907 5866 3993 9394 3205 7682 8800 1324 7984 9375 6345 1589 3765 8968 9880 7220 4430 8250 4646 9831 9115 1115 9937 7485 3724 6417 6148 3184 8363 2755 2586 1495 9227 
57 975 7580 3108 3105 6550 3193 456 6565 8428 1340 8494 3731 3570 1029 8181 521 1982 2413 6707 8812 5984 9788 9856 4381 9006 5450 3455 9384 2569 4434 2369 1877 1028 5385 7752 3577 4961 1445 3268 2195 4993 6007 2161 6788 9271 4324 1974 7052 8082 360 2583 2277 4364 8714 4320 7733 5110 
39 9926 9696 2783 1723 6316 830 4957 982 671 2323 2033 422 3818 952 369 8266 4677 8505 542 538 4426 5903 5634 9059 4610 6107 3131 2100 7981 7540 7184 9049 2289 8260 1622 1569 5836 7115 9749 
33 4048 6601 8642 708 5701 5576 1081 462 7445 7103 1583 353 6832 4503 8659 4125 3710 6962 9139 947 2129 7414 1051 2958 7506 7235 3255 4490 8113 7039 5865 1173 623 
53 4153 5955 5240 8128 7579 9497 4485 6805 8860 617 2395 2602 7903 1168 7048 1412 8984 7339 9284 7301 1752 929 959 6120 9222 6708 2078 4625 5767 4044 2054 1197 8212 3216 1810 3316 7009 8798 2505 7757 6883 2939 108 5248 4315 7032 5935 5544 9756 4716 9782 6022 8941 
46 7236 6029 419 119 6710 8146 4410 3783 9524 3420 8085 8791 7382 5012 8615 8190 7282 9035 6784 9481 3203 1985 1886 120 2115 5879 9496 3247 3839 6190 4142 6577 651 1390 9609 5204 188 2493 3099 831 7851 2968 3042 2243 295 626 
39 3632 989 6425 98 2250 3616 8071 8294 9853 1603 6785 125 2861 1237 2226 6838 9367 6240 684 6077 9094 5053 4500 594 3898 1043 1694 6358 3040 9369 5683 424 6721 7221 3480 8211 4215 7175 9304 
55 4482 2570 8768 9450 8955 7442 330 3047 3194 8403 4643 709 9242 8585 8827 3623 1644 4594 4819 7498 2374 9724 3547 3267 3377 2504 6820 3592 8841 9110 5810 7321 6862 5904 8166 8748 875 9111 2535 1477 972 9009 1749 8844 7598 8496 7433 7356 4755 746 2441 8013 9753 307 9025 
39 5686 9562 3594 7085 7380 6927 4007 7840 1386 7211 1910 9737 2706 444 9364 2898 244 5998 5579 4638 536 7920 4939 4317 6099 6005 3703 6973 1890 5926 1953 5333 4473 5057 6869 7527 7011 7404 2750 
14 8133 3445 1201 7994 4585 1319 9593 9113 6753 7042 6221 5547 9277 1306 
43 6186 507 9634 7209 1729 5620 8368 1355 1587 6809 629 1745 3793 175 3981 7569 6426 833 1045 7592 9264 8072 9584 1392 8788 4516 4995 8313 6598 8696 6229 7660 1858 3390 2679 4457 8141 1758 9332 2172 8622 6193 8921 
74 9947 7554 4250 4973 6402 4602 4713 300 8243 3124 2275 3373 2076 9576 5009 5465 7532 6566 1896 9859 8062 8742 9478 1820 7334 2359 8343 7016 1050 3939 4038 8855 2837 6810 9824 1666 9096 5680 2832 9240 2761 6499 5898 1754 2672 5778 2189 7469 9434 5276 460 324 7977 1648 3244 3290 8084 469 5388 3318 3273 5460 3093 5410 3690 9650 361 532 6453 7917 8685 8131 9472 8850 
32 9254 9951 4782 6749 8940 9116 2105 141 3513 46 704 4636 7176 8928 4634 4642 808 5201 8033 9881 4300 402 1897 3846 9270 6873 8961 7351 8027 9428 2430 6665 
53 6021 3026 665 3319 152 3807 1222 7246 7034 3112 3879 7135 6648 2927 1349 2404 7245 5433 8263 1436 6268 8857 9441 7542 3673 1924 1871 5188 9330 215 7900 8253 5658 2348 6923 6697 3474 385 9964 6486 547 9734 2340 5167 723 4567 8727 6539 5010 2953 6434 7185 1082 
31 3915 3565 1460 9179 2464 3057 2900 1281 6272 292 7043 1627 6716 8486 7425 3754 6909 3811 3930 6681 1389 6515 6463 3563 9086 6568 2794 7437 4540 207 8923 
37 6563 8989 4938 3537 2041 8034 8575 6216 9130 6261 1693 896 6871 7263 9262 6247 8970 91 5082 5045 4227 2045 2753 7613 2910 9433 9418 1190 7228 8540 1826 1764 4759 395 5404 7496 2824 
48 2934 4141 5107 475 8772 5091 6325 5738 4478 1621 9605 8930 676 9108 8771 4954 4505 3852 2514 1759 4562 2435 1321 3303 9877 9415 9343 810 9323 1158 3302 7517 7165 6876 1354 9580 9977 3792 1488 796 6775 9878 8057 7288 2785 1304 4484 2818 
45 7668 9511 6076 6270 4327 9710 8737 2072 3896 1937 691 5809 2467 2565 7680 4628 8918 3556 2438 9421 9983 5143 7363 1179 6043 5992 8268 9879 6926 6389 433 4198 9667 7990 7742 8467 3335 2073 1813 3014 2724 976 6330 3780 9339 
23 506 3051 6048 6182 4652 4645 2751 760 1996 7887 5802 3481 1505 4576 5066 8066 8702 2699 2705 7324 9535 3142 9359 
46 7698 7685 6357 2333 7162 1565 1595 1859 7234 5995 8987 5569 6344 3278 779 9694 865 9361 8450 2042 9043 1656 9114 4667 2390 5314 4138 609 755 5560 8409 6050 6368 1841 8966 6761 9120 6153 7624 8818 9201 9577 7688 2873 1708 2318 
52 32 753 4409 9138 1106 1494 2799 3530 2809 7078 5289 1504 3308 7422 9950 9800 9790 8693 4843 2938 2729 9784 4591 5715 806 1296 4280 184 2552 3212 8889 6758 6142 1451 6608 5963 260 7107 9969 8039 7273 4033 6105 2102 3888 9870 9236 7331 2483 4253 9982 6960 
60 2731 9681 5601 5422 5766 6026 646 2434 6705 7477 8761 8617 5962 8164 7829 3895 7915 6367 1872 1944 2366 7516 6218 3174 6081 6799 7132 561 8143 8246 6778 7871 2765 2756 7060 8045 2403 1167 815 9672 785 3581 5585 4793 257 8180 2821 9711 1638 221 1894 9126 6626 1230 7459 706 2786 8528 4392 4271 
12 7883 6538 4806 9457 8306 3242 7541 773 4929 2770 4348 4319 
77 1667 3370 7232 823 9202 348 1487 7134 2667 8194 7207 8214 8407 9911 1248 5630 1774 8225 4019 3946 3645 338 1800 7266 9056 890 9023 3561 8416 7222 1639 5278 8470 6047 5472 1499 7707 4810 6471 8252 1941 2587 4850 4370 1094 8822 620 4574 9047 427 7781 5148 4408 6637 314 2423 4976 9095 4918 3059 747 4077 5494 5119 2046 7166 3684 5455 8859 8538 4931 3994 7537 8847 9916 1375 12 
35 3433 6196 7636 6336 2217 8378 2187 8804 2482 4027 9445 8852 5755 917 4827 1618 386 5216 2047 5229 4743 2433 3344 4864 4943 6489 289 2879 8927 5687 4936 8333 4140 6314 6185 
59 9065 9610 1232 595 4913 2453 374 1110 821 6727 4871 76 4072 5176 9778 2452 9208 4043 5184 7999 877 5729 8817 862 5360 4369 6224 9060 1853 3353 6347 801 6337 8643 4464 903 4235 62 8051 4304 5736 4380 2872 9221 4896 8391 1903 8558 8567 6796 9703 9958 2002 2820 3408 5973 8556 3812 8877 
34 5428 8671 5267 102 5584 9645 1256 4213 8869 4328 8782 4552 118 6882 993 8719 6720 3695 4229 5549 1626 3186 3551 6070 3526 3140 6074 9336 3497 9558 8947 2421 8091 1552 
44 100 6652 5642 7785 2613 3958 2817 159 1537 8176 6422 9381 6243 7724 7573 6757 8952 9268 4206 5901 6179 3231 6451 8237 5221 6728 8563 6464 9168 5613 7989 6685 4350 3892 2334 8132 7714 7161 7202 9517 7036 5501 6702 5149 
48 2781 3169 4344 1523 3675 7562 7777 7564 6333 6808 285 2710 8576 9278 9456 1371 1828 7782 7578 3674 7868 7908 2484 2201 9468 9643 5418 5722 8733 4621 4453 6949 1099 3670 6599 3348 1893 9826 5521 7717 2855 4333 971 9622 5930 6250 6136 1015 
64 9209 3636 9475 9033 5170 5279 2543 934 1297 1930 1198 7525 3610 2319 8960 6743 1876 5389 7021 5451 7237 7507 9554 8524 3432 812 4789 4549 2645 2892 7354 2004 735 7790 9188 9170 7835 9423 2859 9978 470 331 4589 4176 5750 4551 6396 8858 4578 9664 8592 1164 9494 702 4203 1312 4 3787 4133 4501 2251 7311 56 1805 
32 6537 8555 5374 7555 5899 9132 1109 7197 6677 5394 6864 2315 1692 6157 8620 4845 663 7508 9288 4777 2740 4420 7725 4488 9906 7723 143 2211 5848 3969 4955 1574 
31 4595 4070 711 3305 8560 2568 7609 4358 6915 8334 3894 5180 4718 4279 8881 4000 1989 7352 8050 9945 9683 8709 2012 8388 7858 5073 7067 9204 5277 63 3824 
54 4171 9923 9546 1294 1441 1250 1453 4555 6893 4326 3909 3974 2174 6067 1096 6921 7726 6203 4266 7142 6513 3796 9079 1316 1224 28 9572 6532 2093 7529 4822 2380 8360 8491 2803 8475 2646 7128 5993 7838 6779 8899 6945 6535 1954 5236 8778 89 5159 2353 6342 6490 7215 7111 
23 1676 3532 4302 8843 3761 8926 9192 2023 1980 6880 1741 1199 744 2039 9302 841 7570 7958 9946 1649 6686 2814 1377 
67 8030 1181 8116 6896 4607 1475 1620 7745 5702 2260 2640 4888 3133 3165 2043 599 5610 2907 1532 5951 8904 8063 7004 5004 1130 958 4550 1132 6014 7418 7260 4878 7265 1775 3089 4342 9863 3331 2328 5038 3144 6095 6369 2707 4081 9841 9414 9491 6528 8931 7449 4391 1219 968 4738 1303 3529 4231 8352 2347 2629 8372 4118 7946 1808 2609 5586 
14 6280 8094 9234 5087 1862 2884 4063 5684 3469 5909 2142 6116 5979 8402 
46 7856 4256 7761 8303 793 3606 6138 4456 7645 8550 692 1031 6459 2213 7101 5042 9470 6734 9866 887 1988 4835 2676 7550 7326 591 2239 2619 6371 6948 1811 2391 6343 911 2703 5345 2643 6998 5051 4161 2870 5296 3041 4750 7938 3569 
33 3784 9564 6407 9570 2377 9075 9186 4981 4394 9632 6722 7689 6156 5305 3753 924 9026 5929 6772 405 5600 3799 2062 1314 4173 6131 4440 5132 7500 1317 7632 9329 8174 
62 2394 2386 1864 1912 5064 3228 9106 5380 7384 4784 2151 2137 4566 5534 6375 678 2154 527 3470 6366 3009 1840 4547 9152 8270 3397 8299 5675 4289 7797 3078 9080 8442 1945 1816 5297 8465 6632 6852 253 8729 7932 2524 4692 9008 38 829 6195 1732 1991 6979 2342 495 5339 7906 5876 343 4757 1019 9294 3838 3617 
62 3098 4331 6956 4477 9101 546 7769 9741 280 1348 2048 9038 7389 3963 9823 2607 7566 2063 4825 5519 6833 3392 3351 537 3072 1357 5849 4276 2414 4979 370 600 7130 4459 1727 8632 5546 2146 2445 9661 3217 2894 822 4994 1730 4126 7338 7991 6401 4905 197 7896 6732 1938 5130 4122 3730 8331 5108 5438 3386 4729 
18 3326 5713 1738 8101 3622 7812 883 8694 5219 4767 3044 8799 133 5804 3295 3182 6238 7458 
32 156 147 3843 523 8610 5824 2397 9074 7515 4800 1568 2052 275 857 9998 2345 3847 7440 688 9400 4870 3873 4535 4831 8357 1125 8052 7505 978 811 603 910 
62 1189 3434 9641 193 4347 4293 544 3505 8288 1069 4236 4111 1166 7361 6619 5154 5880 3123 5117 7914 4590 1791 4730 6504 7531 512 9727 3961 9835 9862 8129 9327 2971 3756 2191 8914 8678 3486 9590 4780 9051 7450 6651 5242 4401 3886 1172 5078 7955 5545 6534 2069 3899 4451 2964 1868 759 4041 7881 383 9771 6400 
19 64 8909 8956 485 1376 7023 2168 4321 2946 5846 8999 9184 5916 7059 7953 710 5631 966 6364 
20 2240 9900 514 7274 2121 1338 2924 8864 8746 2417 5386 3757 5670 93 7972 3494 227 8068 7015 4177 
23 7118 9195 4356 1098 9133 4699 7837 9019 727 4030 3479 4609 7547 2083 7328 2638 5035 259 2027 7600 3081 2843 1301 
50 7941 3785 97 9303 4690 2921 2179 2601 1016 2947 293 4663 4919 6025 3473 1566 6974 3908 6560 2485 503 5007 7099 8514 1039 7155 1807 2367 9426 9597 7055 3766 7447 8608 844 5581 9390 5928 1849 4095 4676 4726 6266 9635 9829 9507 1962 6084 5125 9545 
20 553 4828 3798 4397 387 6437 6839 2558 8401 5092 7392 5780 652 298 2839 4504 6976 5974 1987 9013 
47 9357 6283 6579 2966 5074 9789 3476 4159 2309 1842 517 1345 7370 6122 6858 4770 3443 3053 7879 2231 2268 3016 8361 6167 1308 5548 9335 8621 2841 214 1790 3031 5968 4385 2003 4960 7308 7893 5863 2222 4132 8144 3800 9905 123 1112 766 
42 4724 659 5310 1220 377 2248 8826 7793 3340 724 9941 728 6415 9658 3262 4265 4809 441 1382 4874 7124 6162 9723 4212 1739 6092 1600 1617 7597 3638 9953 593 6423 1366 3264 4683 1055 9296 6931 2540 8957 2848 
11 9151 3867 9248 5567 2541 6557 9036 6146 6501 8076 218 
25 7679 4498 3157 7822 7415 4224 1709 6542 1714 1255 7167 909 8549 1743 399 2560 6033 6061 2712 5985 1147 764 2691 5312 5423 
42 9812 949 4623 6056 2846 138 163 4654 7383 1073 3573 83 1420 970 6235 6171 6763 855 5097 7923 1124 8757 3661 1916 5396 9662 7388 1373 7480 8805 2929 1632 3019 4083 1059 7669 3876 4216 1751 6210 4553 4005 
21 1455 2095 1391 9553 9167 9000 1037 4893 3356 4365 1911 2713 774 3391 8165 9416 487 4053 5484 8920 7655 
16 5160 715 3466 4559 2364 8725 889 2694 786 6928 9653 2419 7294 96 6309 8730 
55 5792 6379 7474 3085 8801 6898 121 9987 1203 2375 2241 3121 6888 9779 7755 6824 8646 8218 9153 9490 5906 2162 7848 9093 7063 2542 3361 1901 3151 5795 5200 5918 6887 7159 3485 45 6183 5676 8205 4172 3700 36 5942 6079 4680 4626 2490 6701 7824 9971 8532 6586 1350 3522 7590 
27 7805 1309 6865 1855 9541 3003 258 6176 7596 3983 2294 7803 466 3094 6691 2286 5454 4671 5311 3422 3350 1139 5408 7307 818 758 3110 
33 4895 8638 7366 4866 9319 9513 8296 1012 6726 1681 3436 3593 7949 6629 1275 1591 9939 5249 6655 4970 6556 1796 492 6151 9241 4506 566 8137 3589 2905 9638 4042 954 
37 1299 7770 550 6963 2829 5210 7843 5026 2935 5172 5442 4248 1767 4121 5502 5367 4533 180 3515 9772 8117 8657 5703 2127 436 5989 2895 7959 471 6819 3010 2312 5720 9776 7756 4968 7795 
40 8075 3499 4653 3425 3997 365 8182 4832 4085 8627 3293 3251 9142 1034 3893 4469 4262 7734 9193 4155 1821 9616 1728 2458 4463 6354 8320 7201 5515 5485 2259 9808 6789 4402 5150 7304 1156 9176 9198 6011 
44 6746 6885 7830 7381 7502 5878 8807 4055 8750 6861 2506 3856 4912 4259 5093 9480 2682 4684 9704 7646 6215 2081 5796 8427 8584 1712 8977 5327 7473 7313 7478 8971 5940 8724 9279 7136 7408 7720 9791 421 9690 3562 5063 3402 
50 6930 9729 1531 2206 7654 8444 3372 3210 2636 1981 6848 4443 1822 5999 5523 1870 7672 2237 2285 1469 2500 344 621 1017 9083 3881 4182 9310 9777 5319 8356 7995 2013 2575 6496 5397 5015 8130 5316 2149 1044 1287 7390 1249 5726 1923 8943 9172 4538 8443 
18 4796 5745 9342 4487 4508 1990 1713 2080 707 8405 805 7696 6748 9960 2450 2664 2273 263 
17 9370 8103 2246 4263 2125 5537 866 5651 6823 7549 9629 5421 5525 4419 6259 8472 8000 
38 3314 1417 6562 8871 9592 4772 695 4906 4388 1078 1832 7807 9821 4748 2295 6001 7738 6299 7897 5181 8170 5945 1520 9016 5013 6017 9688 858 2801 4950 650 8186 145 5781 5741 2120 2823 2448 
27 3862 9226 4062 1584 4104 3597 8446 5473 4701 8988 5692 5527 4471 7801 1347 1242 2456 2880 2219 4972 2165 7083 2221 3500 8216 8453 3087 
16 342 2893 2874 4856 6642 7627 618 7090 5785 7510 5016 7497 1432 1964 5765 9693 
54 1292 7998 1470 3450 9810 3550 5372 9085 2580 5529 1235 5309 2996 3628 4710 6738 9233 4461 4847 3006 4360 4631 8887 6754 7608 2851 2763 8983 8626 1063 5195 1675 3814 834 1848 8280 1467 5667 7721 9521 5468 4149 4731 2725 3324 1579 5714 5362 3218 465 8710 9673 2865 9417 
42 1176 2804 8007 8814 8134 9001 7594 3992 614 1310 9112 3813 2311 6469 449 4964 4529 8833 3805 3399 7027 7775 7621 5121 4517 861 7385 4860 9715 6990 3882 6914 4785 3642 2361 4909 8517 675 9117 5415 176 3858 
21 8691 6987 4086 1598 6443 8097 6488 5262 7462 90 1921 2228 1264 732 8993 1027 4286 9399 9061 9990 526 
50 2040 6800 3498 5306 9022 8261 3714 6574 3052 9292 6436 5122 3907 9183 4682 9244 5577 9594 1854 8003 5061 7179 5196 3412 2111 4715 2101 1567 551 340 5797 2562 8635 8777 4412 7336 5922 4579 8602 705 9427 5363 995 2728 4522 8168 3020 9700 5144 9326 
17 310 8456 7740 7022 7538 9257 1847 5591 7126 6992 7603 9721 2864 3464 3413 6419 1731 
11 4282 3854 6591 5326 3180 5806 5972 3298 1456 5731 3950 
43 2622 9420 9143 3967 3948 1383 4608 5464 6866 1597 3979 8025 3070 232 2431 9363 4512 9039 2685 319 2988 9730 1717 5448 9578 237 335 2889 9315 3407 2588 3192 4627 228 974 5259 6421 8867 3343 2669 1380 1479 2597 
40 9229 7701 5411 2281 9322 6609 1154 2633 1253 2715 8314 2793 7616 7121 2256 6130 2674 500 2232 7695 2980 9352 9212 6929 7852 6267 4524 5823 5842 4763 9154 1091 5956 926 2608 1191 9123 3125 5937 635 
20 1612 9368 7823 2758 9223 4967 5685 3872 4097 6177 4269 5436 3956 5652 2822 7789 406 5493 3032 8217 
22 9299 9155 1771 639 6625 7626 9091 1688 1463 6027 5183 1707 3590 2590 9598 3383 185 5789 1196 7358 5589 7522 
18 9362 3463 8400 1967 4489 740 2089 3045 5243 8650 7195 4876 6714 4082 7979 1608 6180 5573 
32 5208 3672 1396 9205 6970 7024 6262 3973 9506 870 3927 3374 1917 3004 8912 1742 3484 5886 440 2194 1149 491 5791 1607 1118 2064 9942 7676 170 2623 5232 4695 
18 8293 8136 918 37 1402 1702 1266 4992 701 276 8669 6204 7486 1965 1956 4157 4047 1958 
33 953 7647 7935 2945 3449 357 6730 4543 863 3808 3416 2308 4238 2489 9453 7200 5231 9995 6768 3653 4999 5740 8060 6878 3195 681 429 1025 2993 3804 1497 7722 6600 
32 7763 5268 6234 9029 2099 3704 3599 2459 3820 1650 7254 9932 3209 8358 5489 1548 5095 2925 6950 573 6781 9308 7888 6335 1704 3002 9818 3860 9131 3279 9918 8195 
17 501 4096 6939 5171 7076 8473 9510 9442 2236 1053 8512 339 5568 116 3900 7639 8596 
13 6201 8571 6175 8321 1881 2598 4752 9773 6046 1636 68 6317 807 
28 4219 9225 238 4217 5552 7551 4106 1171 2214 5761 2991 9904 4581 426 1719 6427 5165 6040 7827 6640 5419 414 2719 1427 9792 4040 6715 6676 
16 5005 689 8775 151 4136 8049 1761 5023 2190 6332 2528 5368 9058 5395 8100 4057 
8 9351 7650 2903 733 3013 3827 770 5443 
15 4009 1783 5308 8593 4805 4518 1516 3747 4521 943 6585 5030 845 5504 8700 
13 1394 239 2994 9716 223 2084 9665 9621 1578 9422 5114 6531 5578 
11 3137 9816 2990 7583 9348 4359 4762 5595 2778 3118 3367 
29 9671 7735 6117 6813 7047 7982 3446 4565 7925 8679 960 6428 7694 5869 2282 597 923 6334 1144 1095 6052 9669 6770 8429 5435 2998 5354 7731 1948 
18 6712 9709 1513 7582 1116 6205 2739 5882 2688 8233 4166 1498 4201 2800 2199 373 1927 7760 
35 2478 4429 2634 2159 8628 3495 1920 4452 104 8583 6906 43 5106 7292 3382 1682 478 8474 6028 3355 2503 8522 160 2779 270 9656 898 7776 1573 7845 7395 3254 6603 1951 6507 
14 2955 7286 1291 5728 1493 9425 5921 510 2150 2336 5330 8241 2481 6090 
7 77 6803 3483 5522 4736 82 9067 
24 2017 4804 6318 9548 7961 6091 114 5483 3467 8315 9161 3634 3916 5645 8765 534 4261 2775 9169 648 4288 8183 4904 437 
18 9224 859 6308 9194 5271 1502 6030 4234 5611 7656 1265 8829 7832 6636 5975 3528 5629 7441 
32 6020 7605 6174 4754 9122 9855 6370 6611 4187 8531 4389 3363 8392 2553 7225 4668 4413 3944 9218 1928 2030 9129 9200 3405 7008 3518 418 148 2449 8527 9374 3985 
11 1976 7072 6478 6219 3912 9448 94 4336 4694 9360 1472 
29 5558 5220 250 1449 7302 824 80 5542 1434 6671 4254 4975 7452 6328 6411 4179 1490 5826 6899 341 6627 3238 4641 8581 1576 1677 5832 7017 3737 
25 5805 1672 941 8896 2708 4334 4816 8972 5496 9695 9825 1243 2001 7470 2392 6954 6673 9173 8982 7481 2280 7051 2224 3132 8433 
28 682 195 3136 7327 3736 2085 5633 6500 8600 1895 2267 2317 8639 848 6508 8208 2014 7841 6341 8929 16 7053 49 6350 8740 9432 4338 8480 
13 4619 963 1068 6054 505 4039 1405 9081 9344 3678 3768 721 4417 
11 8161 4740 3538 5288 4946 520 1856 4362 346 6383 1284 
7 1409 1925 9174 8041 588 4431 4949 
31 27 4514 4849 6497 5118 3933 7029 8751 642 7199 9261 8706 7545 2716 1437 8092 8836 1133 4416 8723 9493 5413 5677 6465 4883 4281 9243 8879 795 4424 6944 
26 7622 2572 8305 9802 8032 4797 725 9149 2471 7670 5609 2624 5927 5814 7885 9010 5202 9567 3543 9259 6731 1128 9940 6127 797 2813 
22 9102 827 5706 5938 1103 2727 3764 981 3183 6592 4530 673 637 9793 6844 8781 8613 8488 8311 3620 2845 8022 
26 2371 2655 496 931 4436 2807 5337 1798 8579 2339 3932 2811 5209 7269 9 1683 4354 6981 3400 1909 8008 5280 7002 6258 7700 5672 
16 7360 5742 5079 6100 5822 3744 5447 3964 9446 7409 4151 5923 4897 1865 6113 7986 
5 6937 9728 3953 4037 1998 
14 904 7511 7902 5290 6311 5131 7880 5254 7183 2271 51 3928 9677 6260 
12 5574 7367 7491 3037 9528 5429 7026 540 8043 5659 5376 1247 
12 5315 8287 8408 4462 2743 6889 8507 2914 3671 3850 4725 2163 
17 6254 9066 7765 2891 1556 6071 5624 9745 3683 3280 4447 5737 371 5811 8862 59 4243 
9 3272 2136 4927 2098 1570 7467 1006 2117 1403 
16 9125 8011 1122 9857 7526 2574 407 2812 9383 7424 9014 2253 5718 2888 1410 1134 
9 5028 5691 555 6435 9266 7413 9589 7131 1439 
3 1344 1418 1646 
11 8355 9984 3260 791 1077 7618 8385 5253 8350 4120 1929 
1 1018 
7 5129 308 4519 1669 602 8580 2627 
2 6449 1114 
4 2446 1482 3288 5859 
1 9380 
1 4103 
1 1212 
0 
0 
0 
0 
0 
0 
0 
0 
0 
0 
0 
0 
0 
0 
0 
0 
0 
0 
0 
0 
0 
0 
0 
0 
0 
0 
0 
0 
0 
0 
0 
0 
0 
0 
0 
0 
0 
0 
0 
0 
0 
0 
0 
0 
0 
0 
0 
0 
0 
0 
0 
0 
0 
0 
0 
0 
0 
0 
0 
0 
0 
0 
0 
0 
0 
0 
0 
0 
0 
0 
0 
0 
0 
0 
0 
0 
0 
0 
0 
0 
0 
0 
0 
0 
0 
0 
0 
0 
0 
0 
0 
0 
0 
0 
0 
0 
0 
0 
0 
0 
0 
0 
0 
0 
0 
0 
0 
0 
0 
0 
0 
0 
0 
0 
0 
0 
0 
0 
0 
0 
0 
0 
0 
0 
0 
0 
0 
0 
0 
0 
0 
0 
0 
0 
0 
0 
0 
0 
0 
0 
0 
0 
0 
0 
0 
0 
0 
0 
0 
0 
0 
0 
0 
0 
0 
0 
0 
0 
0 
0 
0 