98 6428 3039 8103 2223 4077 3265 9594 5955 1577 9417 551 5798 7120 3899 1675 3763 8547 1398 6889 873 3278 2599 9708 4730 2323 7065 9989 1735 800 2161 3651 8642 7661 9376 689 7284 991 5420 2040 7195 4591 9216 1934 8861 8189 6665 1879 8752 2576 1885 989 7265 3461 270 6837 9598 5943 6518 4756 6400 8288 8276 9162 3621 4056 8303 2898 8304 3445 6247 2641 3097 657 7451 5449 8126 6886 5363 5316 1527 5599 6631 9201 9193 3098 7683 9953 1209 6916 6074 5787 7726 6271 6784 5928 8640 8395 2507 
100 45 8033 835 6885 9351 1579 7256 1109 9328 7782 4662 3534 1751 3782 6754 6032 7516 5968 6150 4436 1575 6348 9165 7572 163 8754 9803 8726 979 5228 771 3420 5772 7316 3905 9451 4900 7401 5900 4158 400 3791 9562 2426 5568 3494 2355 5905 1280 9068 5998 9434 2780 7112 412 1137 604 3368 8051 7656 407 5627 4538 595 9471 3056 9706 7999 7428 2988 6083 8198 7325 8720 7814 4007 1296 8729 5715 6852 8014 1966 9486 1811 3112 3948 6833 652 732 4297 6573 2796 9071 8743 6947 8225 6830 9697 5320 3116 
97 9475 6056 7138 2635 1717 3060 1813 6845 626 5370 1312 1359 665 2693 3694 1926 498 170 1429 3405 2755 281 682 8834 8924 6616 6676 7777 8517 2158 8791 3430 6097 3086 888 4272 9267 8245 4431 3146 9862 6145 8507 9043 5073 4180 3269 7056 3609 1171 9024 758 2888 153 6106 1571 3418 9297 6877 5331 5393 5573 8491 2602 8839 5362 6604 6803 5979 8822 6067 8113 5754 7818 3768 2588 8763 7486 809 1859 9101 8749 5936 4995 9759 9934 2737 6495 2567 9615 9580 8195 8110 2810 3024 2879 233 
99 6198 1785 5959 7576 1764 1574 7937 8366 8934 1330 108 3575 1192 5349 2715 4046 968 9095 7845 9268 7436 1217 8910 4221 3417 8264 7349 4145 8728 473 373 3280 2646 9720 4818 1074 4262 76 3982 2389 6989 2416 2354 6298 1056 8925 4294 5833 1761 6996 210 6945 8882 6904 5808 1046 5479 5056 3650 8140 9525 1073 3378 8321 9846 1656 438 3263 4876 1164 347 2210 9013 4912 8881 7339 3578 5286 4000 6751 8112 9948 8510 8779 3214 7730 8117 8782 1820 4735 1714 6435 7246 4586 1428 8062 2957 9982 4275 
103 6599 4467 6507 7643 8097 8407 2182 8948 3827 5608 6857 6482 5206 750 5545 9175 5207 7244 4710 9640 5461 663 1250 792 2135 3272 6027 2106 3300 4193 3215 5183 8211 2132 7390 51 21 4822 8067 4657 7000 532 3515 8824 322 2610 8435 9311 8231 5427 2632 8279 1936 7088 3152 8148 7763 4862 6220 6714 2006 6968 3602 588 8116 5617 1654 5043 1240 7127 4016 4860 7064 2650 6934 9493 9265 9449 9176 8127 9205 9335 4176 4993 2978 2302 4105 4631 1305 79 426 2703 6901 990 5386 7938 730 2594 5591 8596 6320 8932 9403 
100 156 3183 4967 5260 3766 8044 994 5557 1595 8386 5475 450 4980 2836 2482 9756 16 8003 8624 2506 7528 6520 7482 9241 8462 2992 6099 2801 6359 5167 141 6538 3185 6328 3678 4864 4724 2835 1671 615 3508 4383 7330 3191 7355 7443 6948 4423 7860 603 8035 512 245 58 2527 8373 1706 4109 8210 4815 733 6758 4010 2047 4389 1955 1645 7366 8626 9639 4133 9102 9775 7389 712 1989 9306 6986 942 2953 7354 4326 8994 2533 20 2478 5582 8409 3979 2716 5698 1211 7002 3074 9452 9404 7911 9358 1627 2107 
104 6440 7318 6430 493 5254 9155 666 4473 6597 3119 9820 3198 3505 7011 7487 8431 5653 1339 2140 4717 3735 7449 7543 3845 6278 3186 9915 2873 5499 8006 4302 5353 6994 1222 6205 5433 6295 6971 3711 8463 2194 1545 1792 7046 8330 4728 7942 1460 8144 9072 2153 1128 5689 5438 9160 7007 9736 7702 5720 8601 981 5622 2312 2593 7310 398 255 2133 5003 6195 5468 3973 8459 3999 1101 9597 346 3140 315 6733 8635 6592 5932 5873 7619 6254 7505 2250 8965 5795 3655 2938 9698 8935 4981 5543 5275 6371 9650 6447 869 8816 5561 7264 
100 1566 5634 8595 6613 482 5703 7324 5041 159 3873 3860 479 3385 3027 9951 1520 6699 3746 2036 422 220 147 8970 6167 7872 6409 106 5302 7870 7891 901 184 1011 9808 332 4401 5175 2373 5442 4153 2887 7404 1919 8956 9769 7025 9414 3806 4943 5477 8926 3271 693 3108 7167 5076 700 5199 2411 6104 6146 9040 9647 7103 3007 7314 7357 1006 2484 1078 9275 6903 2089 6196 1481 3070 6289 2856 3848 6293 814 9065 2454 6838 2976 196 3710 4973 2105 516 378 3816 5432 1559 5712 6235 8167 7315 8180 6405 
96 8450 7418 295 2368 8644 2146 1599 6668 8579 9213 5777 5262 8903 5881 7331 457 2860 1014 3259 5436 7790 791 2920 9790 1917 9461 5274 5925 2470 1009 8458 4289 4638 1433 4489 793 1889 8894 8413 8859 7645 8008 9233 6063 2184 6044 1507 1701 6228 9 669 2872 7196 6078 7013 386 2740 7248 803 302 325 5554 9981 9929 7350 1563 3666 847 5605 9009 4208 5145 2356 3900 9610 5217 3498 3447 312 2987 6080 5305 818 5402 5805 9170 6415 127 145 3120 5507 7861 6663 6135 5644 7887 
105 6261 8598 3660 8220 8858 1959 7760 6812 3611 4246 7883 3681 6778 9366 8481 69 2756 9632 4455 2048 8120 629 2747 6753 4175 7086 1592 9540 320 9795 4858 7361 3348 9660 409 3802 5843 5659 9363 670 9835 7268 6697 997 2495 6954 8691 6187 3321 6137 8066 5450 2413 7809 2967 3054 9996 9712 5820 1469 8087 3287 3869 633 2492 5825 2521 211 2402 3276 8571 8300 2726 7211 3029 6095 2831 4731 5319 6848 1372 5358 7666 932 6316 7303 5232 3527 8567 105 4271 7106 8660 5536 3607 9542 2189 5398 6189 4762 4767 7194 8696 5208 6091 
101 2822 3353 934 9601 1641 8246 1143 78 9791 2265 1348 6640 5965 5209 2847 2384 3844 6493 598 6231 9027 5706 6554 8266 3610 5360 9745 3122 3667 9380 3427 9078 5704 4542 5028 5749 8862 6893 7761 4921 3434 8877 5852 5000 1489 7589 310 8512 9250 231 5122 382 6345 9876 6418 8713 4328 4027 9427 418 2407 3193 5242 8023 388 9528 6725 2420 8973 8900 7495 7143 6700 6831 7255 5995 3338 1782 1018 8456 7687 5571 9977 4468 7457 7019 6534 7970 8955 2514 574 2487 4287 5849 637 3758 9724 3555 9827 5211 4964 
102 5876 3117 526 4115 701 9248 138 188 8339 502 6687 1614 3855 5696 9397 3518 5400 1165 1631 7974 4795 1412 1004 4394 4566 7880 1854 7691 6473 3882 2021 1427 1307 3813 7097 7455 7374 4833 7377 9654 8616 7328 1405 1166 7560 5219 6388 6809 6510 5067 1873 9355 4776 6930 2315 4838 6075 2341 64 9595 4103 1213 985 6863 8271 8997 801 1684 6957 2598 463 7535 2180 7548 176 5663 1617 767 7391 3413 7905 699 8485 5221 2197 44 5660 889 1975 2844 5870 5548 5633 47 166 8959 4714 4963 5280 2895 341 4659 
106 9151 7851 6423 3592 8039 6897 1938 2583 2766 7175 548 4503 9646 1140 874 8745 7384 2524 421 1772 3680 7383 6459 6681 9537 7191 1282 690 9394 3479 5058 5760 9183 5506 2846 7664 2183 4888 5238 7503 6318 8147 9178 5169 1799 3055 8106 8769 954 1483 6024 1418 7962 9694 2428 6338 3034 5373 4488 492 4656 4727 958 1537 9999 2660 8702 4946 4819 3615 3790 608 1201 1729 3874 242 3591 1982 8252 5341 6541 7301 9225 6141 3706 7711 2990 6943 4961 9679 4532 6203 7951 9134 9080 103 1916 9045 8270 8945 6673 2530 9995 4512 7540 2504 
107 9738 9053 9159 7320 4141 2586 2652 5326 8184 6638 8315 1040 4794 3181 4757 8980 6092 1422 5855 1758 1390 3951 837 9190 2137 704 2301 7800 164 91 2298 3741 1149 1730 848 194 2071 1096 2595 893 7122 3277 1000 7009 123 5080 8721 55 2675 5259 4074 4748 4011 4365 673 4288 5356 449 903 2364 5484 2757 5806 381 5464 4836 3222 478 6739 755 9875 5431 4894 4972 8868 6691 6132 3296 7530 6723 1475 3307 11 9691 2336 3996 4012 4075 7600 4798 5196 9001 5344 4196 638 4590 6029 5559 950 3769 8151 1235 6955 6898 4014 4916 3580 
99 1134 389 42 1826 6669 1833 6154 8447 6603 6720 1205 5156 5245 5555 9817 7026 7976 8701 706 8820 8663 3049 8204 3242 4076 8488 7605 6361 5757 190 4694 1032 5530 9035 5592 6914 2062 4504 4101 1915 2699 6763 3795 9651 4081 2017 4603 406 4090 866 3464 9716 9091 4280 3983 2508 5775 4240 6953 8519 2216 9070 9465 4498 2087 1624 4886 2449 5078 7504 9663 3178 5902 1153 3947 5099 8789 442 9572 1254 9620 7542 5294 6533 3601 5950 7261 7214 3468 282 1503 5930 7270 3857 6843 4793 6441 6614 6422 
100 2234 9861 4182 5482 2191 1035 5944 1691 3482 6770 6765 1100 8875 3560 2430 462 9520 1560 504 7607 4307 8526 9898 7526 1344 1167 1253 9324 1549 4652 6385 594 2725 8917 7407 3229 2513 9067 5192 7432 1069 6178 1303 8605 6018 9179 115 6684 7118 1308 4218 4276 8254 4157 1135 7909 1886 7836 9560 5394 7200 1376 6336 2941 2118 3245 2344 3252 3142 7226 9137 5164 9234 6913 7454 8923 401 4536 423 9036 8632 9849 2824 4908 4666 4150 4584 8081 6011 3354 4682 3668 641 2670 5054 9388 5365 6017 9556 4331 
100 9670 7277 6096 3448 5266 9561 4878 90 5467 7030 5966 5583 4802 5794 6363 7295 1442 5148 6516 1283 73 5883 3118 9629 9489 1996 8968 9172 7988 9133 2680 9994 5425 943 2415 174 1797 4520 7282 301 584 4428 9919 3879 4402 7612 3849 4045 6908 861 9552 6757 1719 9588 2704 8942 2970 1876 379 6376 2466 1858 8843 3805 9659 6760 5419 840 8921 4261 3751 2827 6469 6853 9269 136 8173 8136 104 6774 6771 8160 3002 7902 1930 7490 6619 1786 7192 6798 6012 1615 1464 2041 1327 4548 4437 3334 1185 5002 
99 1179 586 9049 2717 3425 9014 1568 152 4632 1831 810 3551 3579 6463 7173 7060 7014 5566 5940 1756 1462 593 2912 53 6822 6622 4639 3164 5171 2232 1898 2064 1610 7745 1871 8477 1007 358 2802 4281 3402 6999 5963 6773 9249 6354 5766 5579 2314 2977 2520 6272 6892 6208 4448 2682 5842 6670 8422 1063 7888 8999 9421 8295 7499 6249 7437 618 1619 7225 524 2696 7640 3357 6734 3924 151 9226 3726 114 3358 7101 5225 464 7895 8685 6022 7521 1227 4877 8363 6303 9748 5970 4556 7934 4708 4585 2925 
103 2995 6933 5832 3187 2563 3075 1752 9826 596 4122 2711 6245 9104 4217 7020 6961 2037 1417 8890 2746 2394 9721 4001 9825 3907 7650 7513 2129 7061 420 2774 9495 7038 5862 7670 3105 3228 4334 4990 7906 3817 5818 527 1935 3721 5894 600 781 7682 3700 9902 1662 3923 8338 7146 7033 5971 4839 2034 2951 999 6396 5001 1598 5205 4404 8396 3244 7585 2488 549 3539 8674 6896 8703 7041 7 3624 4810 4439 6391 3990 6467 4505 5120 6661 2883 8542 4664 3351 581 2094 6490 2523 7968 1638 3345 6513 1027 6546 537 2786 3227 
112 7678 306 3153 9714 5014 5057 612 6425 436 2496 5973 656 2604 4091 8134 5462 9884 2767 1024 7253 5151 4834 6177 1515 5182 8681 2057 7910 6826 6267 43 9880 2289 1767 5637 7117 8944 5068 9818 2763 1233 4292 4577 7950 2825 2188 1371 5890 7873 4284 8826 9135 7388 6378 198 8761 5075 264 9547 9609 6841 8175 5652 2187 4051 7994 6204 5154 4406 3359 2113 355 500 2319 1823 8138 2460 454 8403 4464 3792 8181 3966 4663 410 8163 4675 6126 1183 1500 5300 6583 4366 5677 6139 5996 6325 566 7518 4702 6637 6184 5667 5729 3796 24 2456 8037 3059 3080 6596 4254 
92 187 1711 3236 2417 9890 4119 7794 5130 9584 5233 9251 4259 6152 8166 9076 1964 8193 5598 1239 7773 3267 1674 7116 5783 8737 1302 5784 4089 5010 7163 6522 2280 7473 8677 3262 4443 1402 7706 9372 8878 2465 4914 609 1034 6457 8390 3942 6006 8426 6072 2348 3463 5662 3723 4496 7615 8095 7069 5816 5399 4541 3916 1649 4863 1510 7168 9195 5469 8382 6031 6290 3397 8633 4850 5657 7287 3998 4222 8810 7520 5937 497 480 4197 5215 3355 2942 2907 3829 3279 7534 9212 
105 2734 9106 4768 9581 4466 8424 1573 5524 6557 6982 8121 5097 4766 9441 7871 5492 8400 1036 1779 9352 6600 1818 8586 6402 5066 3696 8966 4788 4627 8093 456 653 8478 4642 6470 2027 1258 4025 2679 1219 356 3234 2552 6364 3835 2509 3273 6515 4689 3453 4295 8604 3174 9081 9501 3094 683 2645 3175 475 9935 4312 1382 367 7044 9570 9169 8226 8139 3891 7273 226 4572 17 7963 6589 2127 7940 5871 7137 5328 7092 5494 897 3676 4651 6066 6517 5180 469 9082 2257 251 5391 9374 5685 3663 2444 5050 7839 2016 8753 5789 3808 9154 
107 2603 3636 6975 4065 5160 9960 7245 7720 5535 553 5613 2198 8017 4909 9224 2205 3005 9940 2147 8471 5318 4716 8933 8201 8365 6112 5587 4251 1203 6221 9310 8783 8577 5802 3340 1525 7651 5329 7824 3484 4019 1747 1320 2900 5063 6367 7267 8558 2817 2204 92 2014 5540 3657 6545 4146 4955 8031 3458 5958 5880 1632 7889 9553 8119 842 7570 5357 7285 4780 6043 6549 483 1702 3658 7302 959 7562 1232 3053 3521 4319 823 3084 3841 614 9686 3727 4571 6745 2311 3369 5907 7156 9030 3092 1010 6762 4352 439 340 6496 5361 6625 3748 7885 7414 
111 7849 5588 5046 3831 4049 4071 8730 8078 773 7047 6265 5984 2442 2 7636 5241 6374 7151 2353 9384 6123 6379 4192 1138 9974 8442 5901 3019 319 8022 513 1299 4387 4465 9149 1028 9499 9314 2722 8398 2331 9317 5397 6800 2891 1754 1867 7785 3563 9871 1292 9158 5497 8278 5817 9455 628 2615 2171 2811 5804 3180 9325 4414 9411 5239 5982 4434 3820 2292 3327 4482 1578 6527 7573 1471 2700 6949 8662 3255 7797 5563 1910 6855 1388 5762 9331 821 1318 8433 2884 2443 1874 9074 1287 4367 6709 4008 9517 9642 7094 3157 451 8416 6008 5960 4526 3918 9018 7319 8392 
108 2150 2758 9888 4322 2823 3233 1130 8546 9031 1437 3258 8207 9202 5113 8297 26 6155 8027 2479 4386 721 6046 3291 5117 6304 81 8831 6036 6057 1770 1657 1238 9182 9949 4799 9853 465 1519 6715 3545 1360 8262 648 7387 1395 5480 2100 8335 2124 8801 71 9664 8482 9704 2235 522 2424 3220 5581 5114 6450 4177 7779 7102 9312 938 9011 1161 6905 3596 3432 440 9653 7141 8429 244 7425 7403 4333 8444 8280 7269 9206 9132 217 3165 4209 9063 7140 4613 5575 8302 2721 7125 9353 3045 856 453 2834 8830 9916 9723 3906 9645 547 8360 845 7207 
102 2921 7080 3216 9284 8453 4494 2378 6956 7494 9440 8267 9037 5345 5675 5942 9699 8778 8438 3919 8906 8829 1325 1016 9937 4355 2569 1293 4393 6866 2337 5439 541 9240 117 1310 4413 9254 1693 5146 1837 7610 413 1309 3058 5429 2068 7213 1680 9007 5417 8821 9792 6484 9824 213 2893 1866 4902 5505 1840 4700 7212 1673 5539 2425 7210 361 2307 1488 4596 1190 6199 8199 4499 992 6314 6381 3935 4429 3788 4558 4920 4932 8809 4121 2732 3163 7998 8275 8032 1181 6181 5527 7923 852 8744 1369 2968 5779 5285 5674 5921 
107 9058 3155 4974 2139 6543 1492 2793 5354 1768 416 5195 8797 1196 9850 1700 1053 5460 9139 4917 7279 7488 4278 5796 7022 6643 3783 9391 7296 3281 6280 3192 926 1098 6163 7765 3304 4500 4163 1120 2260 974 545 4440 4687 1182 7958 4379 8855 4179 1972 3095 1314 6508 9207 3446 5993 3377 1667 6321 8223 9299 3692 6365 6223 4207 7626 8529 2692 3853 6678 7027 9749 4649 7634 2676 9386 7825 2543 4216 3750 2317 1455 723 3699 296 2545 1514 5184 9819 1347 7517 2709 978 4820 9423 5161 3962 5774 3008 1801 1851 2969 4111 5851 2217 9163 3143 
105 1434 6781 2922 3709 3123 1660 1539 9157 1753 1377 3640 1037 928 3698 288 9559 3702 780 5585 434 3731 1740 1600 6411 1229 2242 4621 408 9546 9975 1151 3871 5406 5512 6615 597 3865 8206 620 1692 8025 7352 4544 2009 5601 5106 5291 8294 8665 7949 6368 9287 8020 8639 428 2534 376 5306 643 3096 2551 1504 914 6594 1057 7081 9852 3574 650 1736 5123 8643 3433 7943 1366 4405 1335 7160 8380 5961 9086 3561 8202 2579 2729 1978 8075 6248 2095 4270 4407 7738 3687 6360 501 12 6442 8228 7817 3072 1522 3444 7997 4977 9354 
99 2870 691 8849 2672 7914 4760 207 7613 6671 8523 7787 6785 3701 910 9131 6635 9019 7042 9967 5713 8234 8937 6912 1689 3997 8410 5170 2738 9235 4134 8812 6979 4444 8974 200 2320 3774 8325 5382 135 8215 8476 9218 1933 6882 6310 6552 1585 5367 2404 2730 2033 5800 947 9389 6471 8200 8901 3512 3013 4648 9551 5415 6487 4475 3638 4357 4305 5572 1286 9920 148 1902 7669 129 2669 8010 9364 3224 8902 6 2405 4155 7477 2778 6222 6169 6921 2498 5569 2067 7837 8589 3161 1739 7537 8548 4775 697 
103 5371 8995 4661 2636 993 2414 8364 2648 1364 476 3765 1491 2000 854 811 2573 3582 3331 1890 9484 1505 4784 3898 7842 2677 221 443 3205 2591 4282 6286 5610 2797 5457 6978 252 6162 4044 5878 9798 8876 1694 3743 3110 4374 8253 5100 4002 7554 4667 4992 3686 1459 7701 4343 7532 9923 1726 3786 1819 6048 6119 9877 6180 297 5447 8707 3376 6494 5773 1338 2070 7476 1216 759 776 3475 9171 2742 579 1324 1155 7736 5437 5140 9028 8738 8045 632 5560 5649 8770 6932 7100 937 1022 3734 7004 5513 7533 5178 6051 647 
109 2584 8141 1999 8946 1769 1587 7674 4616 9447 3076 3877 1424 2954 9695 446 1066 1822 5516 6864 9079 4926 6767 515 2339 2058 5693 2375 5125 4948 9315 9936 675 6902 4809 2771 8460 7981 9436 4527 1083 3785 4647 1532 5547 7815 715 5603 642 7257 7459 7989 5869 7740 3390 4930 1452 3646 8650 1830 965 3963 7385 3211 1114 8370 8283 6768 8336 9796 8186 3728 9345 3371 1291 829 9611 8086 3000 6071 2461 6259 9341 8998 4971 5684 8102 4253 2284 8929 195 2865 9950 7618 6717 714 1266 4936 415 4895 4947 9064 5618 9438 7805 4605 7947 4789 7260 1199 
106 9822 2446 3387 7995 3423 6227 957 3209 9136 4474 1285 6623 3316 2472 7329 9236 3323 8714 2085 5949 7430 4144 684 9467 1804 7598 4975 9753 9622 2794 5176 2525 3777 4880 1193 6572 8013 3608 3330 2558 1564 3548 6927 6693 6238 8939 5347 4375 4583 5332 5782 8334 9367 9256 3889 5606 5346 6701 5378 7556 1713 1517 6079 6403 8614 8333 834 5628 6512 1652 9214 2174 7780 4142 827 1945 4206 9834 1755 7665 6825 9503 7933 6501 3713 7601 7595 5009 5615 4688 3946 3406 9705 3168 2911 240 9383 9731 6266 371 4502 6960 2249 4881 7774 2894 
103 4891 8725 6570 3363 1788 654 9194 4349 4797 5503 7402 5903 8740 8073 3781 8543 896 128 6410 1124 1608 4005 1604 9200 1178 1521 8500 7347 9406 9393 5596 7405 2303 437 8840 9186 1971 74 4857 4665 7709 84 3364 5488 5533 1003 5701 8755 8591 7948 6873 6721 157 9453 9448 9823 1221 1169 3928 4623 1336 3184 4752 5672 1613 9801 9807 9911 6788 5625 6937 4982 8361 6070 9319 4022 2575 5735 1570 6840 2784 8648 5521 6797 3450 6076 892 5515 7602 5985 7107 8893 8068 1629 9579 4422 4680 4956 362 4419 6061 7718 7492 
104 9191 4523 2851 9111 4960 9988 8299 1472 2517 7313 4922 2330 4807 1531 8143 3339 2813 9039 8977 3099 2239 5005 7581 3373 4976 9669 232 4313 2391 5850 5157 4734 3984 3904 7356 8377 6535 743 4079 8122 3336 8318 3825 9090 3989 9332 8350 6460 5198 510 4515 855 5428 5152 4918 5732 3747 7012 7271 5027 318 1606 9409 887 180 8804 1845 1806 4861 7826 9511 9401 3566 1992 3789 2222 9062 9210 9305 8449 9539 298 880 6636 8030 2991 8203 3015 9557 3936 6920 2170 8174 8060 9900 4337 2814 3957 1473 946 578 624 3952 9784 
107 4611 3249 1048 7642 1386 6197 4390 3025 9336 3169 4392 8399 9732 7115 8026 9735 676 8530 1448 4636 8884 5020 9678 9302 1373 8417 8178 8798 7541 3480 4703 4874 8469 6160 4110 7304 3362 3481 4726 1226 9110 881 6574 1709 2924 1589 3131 9855 4100 5834 3416 2080 6601 7242 2657 8436 7587 30 2739 7623 5956 9050 3499 66 8982 8310 5640 5655 8827 6526 9294 3394 7783 807 7095 6834 1850 8473 8600 7594 6019 6662 5981 9813 3586 6335 4741 6499 2927 218 7791 1937 5813 4490 4224 5092 3760 8070 6722 7435 9866 7841 7593 3901 6133 2623 1363 
109 8172 2805 4852 746 8698 4114 2698 4671 474 2864 2351 9747 2241 8432 1704 2263 5031 3932 6382 8565 7986 9980 294 9719 4903 7406 9856 2609 4015 7679 851 1944 8911 6727 2179 6750 3675 9203 5502 4095 7614 1121 8602 4124 2474 2050 7928 546 6098 778 9703 9365 3246 4546 1829 9222 1853 9290 5072 6438 4080 9673 7159 2714 4570 9564 7129 5098 1710 1977 7410 4023 5139 9530 4554 5061 2958 6107 6964 8430 2476 7567 5011 7465 3538 8411 7480 6899 2483 7972 2261 8393 2731 6907 1454 9962 2544 65 8928 5845 2959 951 4058 8307 2291 2659 2561 1635 4329 
106 820 9141 570 2209 3815 6791 1062 7918 6879 3656 4214 6655 667 3950 6578 3350 7416 7519 7232 3762 7980 9874 3347 8257 7158 9955 8913 9909 6244 5916 8553 2247 4205 8581 3724 8700 5278 2542 4363 8528 1207 8466 4898 2590 3078 7336 1493 9228 865 924 6811 1870 9618 2370 1661 6414 2939 2019 6696 7515 2869 982 2326 6991 9893 2798 7834 3740 3204 354 4143 4604 5444 3569 260 6443 2605 890 3597 8735 5824 3572 9608 9318 1447 9032 4905 5812 1718 5882 4811 4619 9023 2275 2448 3840 7050 1270 8061 7294 6542 3188 7907 7348 8470 3082 
114 719 327 5919 9321 9435 7609 1415 8404 4989 554 3235 3051 8503 2916 9304 3462 1049 4186 5226 6102 2212 5574 2101 9286 4942 6049 1865 2136 1639 380 266 8249 5821 5822 7869 5071 1104 2243 2522 4792 353 2867 8191 9497 1742 3241 8538 1490 7620 1147 3771 6915 1294 4199 2671 1392 1530 7126 9424 5443 9122 3662 7912 1416 7155 3960 3885 8269 9295 1480 268 6232 7208 1252 3052 6568 9944 9142 3497 4626 8021 6158 1381 1658 206 506 50 542 6489 6799 7197 2294 6887 2360 7220 1470 4646 5864 7048 2269 4411 1705 1981 6783 2516 7852 3148 9161 7854 3970 2661 9510 2254 3767 
104 3190 6392 3145 13 4469 9371 6257 2795 816 8227 4996 1067 7552 6168 8464 850 2418 7752 4227 8418 6815 7203 1547 9831 7375 3079 8281 8958 3335 6212 5376 7561 6874 8000 87 5434 2947 5403 9762 3794 7925 9173 5327 1045 2946 5828 2539 2066 1618 2262 8345 2842 8384 2082 5962 1905 5504 7058 7072 568 1456 3370 1567 7546 2432 6924 3400 8587 5493 8866 5389 7510 5272 8054 9701 72 3967 1625 944 9693 5364 7862 6109 146 748 6880 2597 1129 6040 8788 7647 7717 6356 3909 6159 8682 796 9152 6823 2781 9786 4707 3057 1778 
108 3883 4764 4753 5325 3562 275 1846 3533 9727 7708 1247 2005 7219 5185 9385 6756 4249 4200 1051 8273 2167 2841 2352 590 5079 3151 7751 1420 4589 4350 5159 4575 5235 3176 5496 9338 4579 4201 521 8284 686 4565 9983 5249 2276 6352 7308 3136 6337 4602 4743 9845 9959 8621 7363 7692 2837 5546 7053 775 3641 8667 8847 3129 3293 1225 2445 4868 7133 7333 5977 591 1058 4846 165 4269 5743 1077 6536 765 7749 6108 9722 9569 8408 5776 29 8802 4369 651 517 7788 427 8164 9947 1015 1385 9422 3404 9474 491 119 6810 9015 6974 9941 9932 2936 
105 4172 1141 9488 5062 2091 1204 2086 9887 7946 8346 4660 5476 5934 6234 9592 736 9033 2293 6421 5860 7715 5714 4304 4628 2748 7028 8381 5739 2313 5390 8005 1620 3532 7105 7703 1688 5514 8628 5412 4882 1023 6582 1244 8352 7032 6182 9844 8915 3585 3730 8886 2982 5104 6100 4317 559 9400 1272 4549 6861 5643 1403 2564 4557 1581 2309 4924 6315 3414 1043 3485 246 6571 4451 9965 1534 2458 160 3689 9652 5019 7512 8838 8243 6909 5337 6569 5173 7281 8695 9143 2054 3993 4479 5491 2306 3645 8501 9100 7470 1551 3381 9544 8096 9914 
118 9392 3875 7427 660 7179 8383 2297 9445 2335 4944 3333 1021 4279 3867 4966 6748 7323 779 5658 404 5181 2358 9963 2279 908 7185 1760 7087 4486 5102 3040 9599 2536 6686 2433 435 3745 1368 2310 5401 7693 4263 468 8680 1326 5508 9771 5763 2547 1708 7419 8562 4136 1723 7816 1214 331 8296 1698 2390 877 7973 5840 8842 8883 4371 9707 6175 6706 5519 6282 4421 3978 2125 8908 8996 4934 9674 9534 9156 2379 2684 370 5980 5778 3600 672 3965 1432 2486 3793 6383 9479 8508 3673 5558 6579 661 7956 2751 1682 121 5764 7280 6308 4026 8895 4600 7705 5859 4518 172 3030 1875 5240 2494 5681 6014 
117 3016 175 9168 445 3590 4260 4634 5383 8183 4581 8952 3210 3643 5997 5237 9785 5263 9836 8936 7992 1465 1659 4156 6125 3716 738 3703 7668 1487 4722 1414 2868 9395 466 8154 610 9289 7755 2843 2233 7597 4785 8499 8593 9593 7672 1647 5578 9750 4823 9057 1389 237 916 5848 6719 5330 9002 2845 4829 9381 5214 611 9232 1391 9734 8497 8461 505 5989 241 6965 5186 8259 6387 1640 6875 9726 9644 9946 4711 7067 3843 8340 8101 6642 5922 668 4210 7224 5243 1529 2340 7440 7055 3729 6324 8084 6002 9342 1634 2329 5549 448 2749 8891 5489 953 4516 6626 1954 7422 3876 1868 819 722 2497 
112 2849 7136 4935 7148 3491 2607 6488 4574 9568 1038 3921 2228 2933 9636 8841 9751 3150 3557 3139 338 6922 7621 4181 740 6859 9565 0 3170 8349 5887 2322 6312 5639 4003 987 6277 9327 2629 560 6287 6672 1002 3631 6454 8047 3846 1319 7941 529 2589 777 5761 8038 9334 6291 1774 1353 1146 639 7725 3677 1832 6539 2108 9021 6306 884 3319 2929 8133 649 4842 5986 4618 2662 853 8457 5165 9271 3089 725 2621 9472 458 9631 2875 4485 8690 6478 9022 5091 3154 7396 7413 717 2866 7166 3547 9912 6059 5918 1762 9573 5372 2059 2467 7066 825 4364 6537 9799 4962 
116 681 5604 8551 5500 9282 9243 7343 9913 4057 1191 4170 7689 89 4327 8324 7351 2965 8261 60 229 2395 6966 4567 7249 2346 8711 2622 6000 1322 5863 9864 6747 7748 3341 7660 4931 4388 8040 2955 4938 6708 3637 3797 1849 5951 7059 2826 9689 403 4985 1321 799 5108 9279 5048 2617 3894 6398 7099 5270 1413 4226 2206 9098 3137 193 6884 414 1346 4669 4453 6695 481 8331 4187 4086 9144 4513 5034 1075 7874 4781 6514 5623 5641 7311 1274 118 5676 9550 7967 2160 2072 4705 2964 8323 8306 4020 4984 3649 253 1834 8750 9765 5678 4998 8374 4274 6650 1991 7747 6680 7460 2349 9478 592 
111 2038 9189 3902 671 558 4949 4447 9688 3171 4481 1186 1365 2876 544 8733 8282 3410 2971 3707 8445 785 8833 1236 7637 4677 1750 760 7878 1784 4385 7592 1174 4185 204 871 5879 2055 5793 360 3194 4435 8505 4519 5694 6814 564 8813 5441 4410 5854 7298 6375 1856 8109 337 3389 8362 8550 4723 7172 2130 6807 6802 1351 8158 7181 7673 5827 1623 424 3718 5799 1084 8208 5087 945 7627 9298 7434 9313 7182 7250 3691 3613 7827 1443 8088 4999 8706 9221 8742 9069 8747 2393 7332 5380 1474 6465 4412 3940 3652 2616 7900 4954 2099 1106 6737 3913 8479 8887 7341 
114 6130 9180 4804 5465 2772 7901 3756 9288 7511 1060 7448 4166 2554 3972 330 8356 2012 4006 5632 659 291 1197 1152 5724 1562 4152 2258 5052 397 956 3541 2238 9107 1440 4692 4524 8641 2601 1306 3647 219 6711 323 6609 972 7209 7522 822 872 300 9780 2044 8222 2316 6192 9118 8371 4986 4161 4551 1636 48 8597 6134 3344 6530 6611 2043 8401 514 8837 3571 7591 5212 7514 3162 7879 6505 2592 8817 5458 2580 7550 3749 9938 162 2787 1251 5722 7169 6560 4462 8308 9661 7583 6713 3800 5728 1316 9894 4384 9113 5526 5256 9094 5621 2556 1345 3422 7471 7908 9770 6413 6148 
122 333 2600 8057 9211 395 2765 8786 8125 1805 8710 9591 7475 3501 5938 6416 8885 7982 1278 3682 1597 6563 8162 9811 7485 5542 1441 4323 2782 1160 5670 311 2541 8235 8292 6559 9044 1836 8182 1354 565 3850 7727 9917 7091 8089 5096 9821 3020 5803 3839 8844 3629 7549 6143 3807 8509 1261 8489 1494 7276 623 6362 369 2193 2475 5746 494 2290 8867 5688 6050 2899 8313 3535 2754 7628 7684 6789 8537 6140 6394 1696 2871 7057 9574 1332 7904 269 5792 8388 6858 3995 3577 113 2383 692 5819 25 3237 621 7991 3779 2572 6358 1486 3653 7677 8272 1655 5948 2789 7926 3589 6269 8240 1678 6656 3826 6088 7936 870 4131 
114 8854 6424 7584 1965 9858 7781 7855 23 6931 8152 9589 3503 5511 5115 1148 3856 7724 1175 7890 9416 9219 4286 7894 4817 5224 5867 7239 8609 4298 5201 3558 1998 7278 3297 1064 6236 9006 9231 8274 6567 6263 8794 6138 8573 7423 9575 4344 7983 1215 9490 2790 2724 3778 3449 5691 3759 8255 143 1223 8341 680 6156 5409 8759 4167 7378 2224 1117 4740 716 5957 9709 3231 6110 7732 6958 1757 1940 7563 5788 2932 9114 6047 8405 3206 8664 8427 4409 7987 349 9905 8836 7524 7754 7119 8043 2691 7770 749 8708 9347 390 9991 9869 5374 7174 2829 5481 3421 7362 5551 2528 411 2518 
112 5835 1808 6950 3516 5030 7606 9446 7704 3968 7251 3693 8080 8415 5751 5128 961 8052 6925 8327 9428 309 5654 6876 8765 7149 7201 883 5396 2499 8518 6550 2142 4640 4325 9854 9851 8483 6296 5975 59 7450 2760 6918 7525 4892 7596 1085 6213 9303 909 8722 7588 4215 3926 6591 984 9430 9681 169 86 6629 3343 6607 4693 1848 299 324 7813 6124 4609 4654 5899 2453 6054 6020 7959 1273 4595 1180 1803 4709 5651 1356 3862 2074 8104 5234 9840 4624 8772 1728 9124 9886 8533 5711 7807 5809 6532 9244 1449 2848 8011 287 4674 9505 936 1136 7978 3540 1212 98 1445 
119 9145 2440 1408 4830 5673 3704 5388 534 9166 8835 8590 7695 3987 8130 9984 4 6819 4311 7177 4009 4739 3292 9772 3443 5229 4314 8564 606 3528 9356 4395 1342 7927 3100 1485 3429 789 1676 8603 1020 8042 833 391 8369 1158 8260 8552 4316 6585 228 8455 3360 5847 3819 6114 2686 5909 4098 1498 9800 6502 6692 1894 1142 4883 8796 7184 2821 7221 5487 1156 6617 444 1732 8233 2229 9730 9758 2362 8525 7762 2750 8397 1116 2081 4245 5143 9516 7497 7469 6101 4427 8962 4267 9181 2109 9508 149 5158 8527 5101 1957 6431 455 1798 2501 8880 6503 1237 556 4940 2273 5877 4097 4256 5410 1268 531 3399 
111 7833 3042 3256 7229 7006 8504 2803 3929 4303 4568 9257 8927 8592 5908 2069 2649 34 3264 9128 4151 4777 1558 3036 9754 4622 8046 4495 5166 6519 6985 385 3114 7369 6752 8001 2613 2477 9415 550 5935 9126 5687 5121 4684 5781 2928 3507 4696 9906 2325 2502 4382 7312 9008 8807 831 5379 2251 580 3067 3939 5642 6521 3576 4059 4893 5741 9405 1231 4814 5463 535 8161 9897 9614 9088 8684 5920 9357 7085 8312 8521 2764 3309 5452 4848 7659 2612 3838 9638 3559 2437 6782 2885 486 5261 181 8165 9828 6377 9586 8236 1255 5375 2431 2532 4643 8964 5991 2681 7649 
107 9832 5455 4052 5552 6891 7382 9718 6497 1425 4701 5532 2777 5213 7922 5886 5553 1139 9378 7397 5116 5244 1923 2201 4183 2439 1787 4069 7054 1243 3318 5253 9781 4137 9658 2207 5510 7415 4679 1218 995 161 6872 7876 6586 6210 2382 6115 2656 1952 9010 782 8864 805 7696 4633 8871 6448 7001 5978 9197 4614 7795 5040 7206 9262 8221 6962 5150 4202 8016 4299 9016 97 6193 2861 4233 4154 6118 7913 1362 1922 9744 9402 1646 2619 9108 4336 4449 9004 737 1580 344 9112 6867 3959 2862 5926 2537 1295 616 2999 8187 9188 8941 9918 6179 2084 
114 3440 6042 962 9340 9872 7132 9360 9740 5147 5049 7395 7569 6888 6890 3383 3471 9506 2399 8717 9130 6620 3866 3442 1961 2195 4252 238 1198 8454 2642 8718 4969 6744 8741 499 2983 3780 6553 8263 9339 5523 9437 1259 7291 5070 9375 3398 38 4306 4720 7531 3490 4456 3834 7429 6025 8938 3147 9280 8115 7290 2761 5093 844 2540 2225 5577 6226 9810 6653 1828 6977 4492 3525 1611 3085 8495 2625 3737 8563 1884 4806 3342 7786 2366 2196 9333 1513 1478 1357 4296 3135 2694 5017 1841 1716 2211 4615 7386 7930 7478 5032 1881 8776 5736 1967 824 7850 5953 3554 6639 1177 7577 4087 
106 6340 6808 7633 8544 4904 27 4796 5967 4066 9992 5529 6928 7864 1410 3149 2145 2640 3306 9052 5308 2555 3744 6556 8575 9258 7381 970 6452 6128 6427 3203 209 3520 1904 8645 6854 6436 2562 3544 8655 4831 9921 7135 3506 1168 3286 6707 8857 911 140 6206 7237 6174 9464 1352 7739 1458 7075 4471 1892 1783 7758 9047 5648 4340 4094 3004 6039 3261 2045 1426 3031 1582 5047 9432 4285 7945 7582 8825 4729 2471 9399 9945 9377 1628 1108 37 8192 6077 2812 4459 2264 8146 8516 235 8522 3457 2904 7764 6633 3474 5216 8879 3006 3048 2634 
121 2098 3922 4801 3240 8085 1942 766 328 8170 7439 2152 7929 405 563 3126 1080 2578 6407 5423 4507 9097 6794 4983 5313 35 9504 2359 3090 1994 7675 3644 8441 4828 7078 9308 2538 1679 9973 8224 8652 5384 3565 9979 5309 4988 9247 7939 8337 5024 239 1144 6993 986 8185 3199 8814 1847 3393 8675 5220 4851 8560 6624 4332 1496 802 131 6451 4125 8960 5295 7365 4043 4164 8082 9509 9487 646 1450 8947 2665 8379 46 5929 1591 4073 3223 1159 1343 7686 8467 6694 6926 5888 9514 7897 4036 4783 4681 2926 8058 2248 8197 1576 6327 9041 9320 262 8979 2008 8731 5317 4699 7474 3868 4832 2956 2668 4821 8909 470 
113 577 2993 1187 9764 8128 5336 4398 1468 5771 2874 9787 4870 144 1862 487 2459 4480 7985 9073 8063 1380 6275 6016 9625 215 8176 7327 2673 6500 185 6393 1012 6919 8256 9084 4190 4348 3130 9093 2286 7462 8258 7536 7131 569 5404 6705 798 2913 3635 2897 1262 3981 3812 7346 2944 539 3477 4761 9729 5426 3886 6170 5594 101 6353 1195 1950 5013 1906 7823 100 4911 4035 2886 348 9711 7241 5616 6987 2002 8748 9125 9369 4403 3977 4342 3994 6659 5665 7376 3688 4746 3938 8100 5110 9563 4913 9293 4695 9971 2075 3349 8092 1350 3530 5227 8784 5269 3531 8114 3595 7527 
126 7653 602 7662 2830 5837 4805 846 3128 314 4951 8870 8434 8513 3618 5127 6474 3064 3903 4560 130 432 8584 6073 555 167 941 9329 3346 3803 107 7392 8423 7393 1555 111 5133 9634 1290 5413 9368 4945 4178 1329 1908 1206 3290 8892 8899 4658 2877 8248 8775 2004 7005 4420 4813 5132 4598 2759 4368 5202 4351 5191 5268 6439 5924 2226 3927 7681 904 6963 8425 1013 7829 4070 1502 7023 8056 7262 774 2192 3466 8795 763 6372 1733 1384 4939 6144 366 6370 3593 137 1703 543 6342 3374 3022 2285 3752 7052 3542 8606 3661 3943 1594 4138 9710 6013 5466 6305 6988 2828 1446 2119 4872 368 9829 3101 5915 3633 5897 2213 3504 9837 8194 
109 9413 102 7828 6330 377 280 3288 8468 9538 7222 6347 2785 7694 6980 6294 5846 2169 4034 1554 4442 3009 1241 2236 3332 1677 8727 5307 5896 7866 2409 5315 7916 4953 6331 3654 6084 8912 1301 6256 2909 3313 6606 2120 7345 1749 4147 5611 6728 430 2984 9261 9466 4128 5994 2549 1838 7171 7757 9830 7898 6492 461 3884 536 9567 1720 7079 1565 9480 9985 7083 2112 967 5194 4686 4899 4508 8719 5814 5992 8428 1953 2566 2905 9450 9715 754 2328 3352 4959 9978 1626 7616 1800 6704 4517 6972 41 3173 9003 2380 2985 6240 4965 7165 1690 6173 2155 5823 
131 4078 6229 8561 8502 5645 8669 8568 1893 1896 8654 3772 8969 4808 4238 5898 7458 4067 2252 4415 3396 879 2966 375 4529 1210 8421 1093 6779 8375 5683 6299 3847 308 3854 8679 484 9272 1888 2917 841 3625 5700 9270 2989 619 6185 9056 4460 9500 70 5314 9908 4293 9993 4127 6648 1825 5200 3303 259 3974 7792 125 4578 1963 1401 6433 2741 6166 815 7124 3961 14 2283 5187 3639 5755 6334 5252 4085 9066 812 5236 5246 2910 7964 9239 8608 2974 3012 6034 3969 1476 1605 7920 3564 1463 6081 8079 2421 8905 2162 4463 5039 6981 5686 5538 5702 2115 3493 7508 9208 8987 5231 806 2357 8305 8105 9687 1607 7008 1150 7424 8978 4135 2267 8771 8351 7722 6301 9860 
111 4189 8372 1824 7822 4433 9868 862 8286 7380 5134 5669 5310 1275 7230 5456 3380 5251 5726 768 208 6485 9899 6105 6007 6341 33 4472 674 9439 4117 8569 1602 4889 6329 1802 3320 5597 4140 9412 7753 1526 2412 9092 2948 9187 7157 709 6082 6429 8686 4925 6399 5015 2800 1771 9763 2683 1358 9359 8762 9616 3568 6350 3073 5565 4149 7676 8028 6326 6288 2690 2128 5131 3253 4399 4670 5267 2208 9000 2733 2277 6923 3230 757 4620 142 1019 5872 2434 8811 8576 485 3459 6761 634 7746 2505 2712 1263 8792 4592 3083 6755 6332 4353 5042 2804 7153 3071 5392 7641 
126 7426 8099 2452 9814 3832 3104 2550 625 2090 7574 3878 182 5941 9470 5914 7638 7335 9685 6151 9042 5483 9966 3524 7742 3954 9454 4573 605 1969 6464 5671 6618 9407 9055 9121 4530 8328 3486 7840 1707 4083 5301 8627 4055 4229 734 8988 5055 5904 4958 5059 6171 1256 7039 5297 2548 2020 2857 1630 2833 5874 7104 1102 8149 7586 8124 4277 6743 5972 5299 8190 5026 1918 5485 9140 9046 507 4191 2792 2270 3046 9928 2271 7447 6127 9626 7710 3976 9230 3714 3217 4225 4041 9245 2773 1827 1979 8853 3627 4029 5719 9881 4721 2046 6053 1812 8555 9148 7152 6654 31 7731 587 3207 8024 5609 2915 2481 7965 8768 265 8898 4875 7555 4871 7368 
117 1572 601 3384 6190 1734 1712 4751 8850 1983 9522 7394 7648 7707 6910 2469 9816 2144 3050 2013 6242 6292 8651 8865 3881 971 8790 8239 6395 6437 6215 8506 8532 243 6795 6860 1039 576 1668 8689 7776 8214 83 7188 6849 6456 7400 907 9833 2998 7247 7884 9185 2165 6544 7557 6749 8630 3382 1664 9252 7307 1054 2753 4737 1047 2245 7218 4118 8414 1763 7189 248 4787 5708 5853 4837 3549 1379 5602 9237 8705 4301 631 2172 4198 8069 8557 8474 3032 7501 7658 2374 459 8852 6317 2282 8556 9034 6086 3141 6408 4320 4381 509 843 6929 7090 7741 7789 1727 7903 6264 6587 503 8805 6216 9600 
117 9543 8090 4107 1817 1271 7639 4754 7015 5564 336 7358 7566 429 2736 4650 9129 5895 931 4933 2701 4867 2775 8293 15 7408 6703 630 9184 2908 1245 4672 964 8036 4017 4562 1127 5838 6824 9442 2511 4241 6856 5906 3035 9548 384 6449 4873 5661 1695 3975 8907 5913 3685 4430 710 3284 729 1249 8329 3684 5718 1457 3599 2882 3971 4310 9596 9624 1 538 912 4812 3754 923 599 3773 1400 4879 2490 19 4668 6468 1569 8785 1722 5004 9656 1162 1331 7445 3712 8940 3438 1685 2638 4510 1378 6201 1518 6828 1404 6506 6153 9398 7029 4827 9164 2807 9444 6969 8819 1653 6038 1533 5988 6207 
104 8709 8607 9246 2713 4759 5334 2890 8971 1842 4099 5387 9891 6445 273 9123 8751 9382 9115 9263 6868 919 4126 2154 1542 9238 9477 8285 5759 9892 2435 8251 4630 3500 9531 6630 8004 4691 9420 878 4782 6651 7076 8347 4564 3127 9964 6486 7509 6060 249 3028 8137 2342 1453 998 274 1122 6565 7750 4438 5810 4738 9776 2839 6343 1523 4826 4853 9901 5697 6307 6894 9566 6870 8930 9519 5753 6477 5172 963 4242 752 2553 1997 9291 640 6103 6339 8535 6251 9788 9285 3196 7223 2881 2776 5257 5635 8268 2215 8514 7775 3386 6491 
111 3511 9054 9662 2202 2332 5528 9361 2557 3630 2858 6258 6117 6935 5826 2535 5082 9752 678 6262 9777 4093 132 3225 3033 2770 8572 4358 3489 9986 80 3934 2403 4174 3212 6015 5053 739 203 5311 8391 6862 2255 5083 2397 4952 292 3488 5162 8611 345 6829 7321 1721 1467 178 1029 5716 9326 5752 95 3026 2324 254 1536 3799 3213 8773 4244 1495 7353 9426 6946 5422 6938 2702 7433 7070 761 3915 6004 6219 7821 867 797 3980 5576 8157 2117 6355 898 316 783 6209 7734 3478 4593 5946 7713 4360 6832 3842 8376 6667 7804 2902 1079 6564 3285 4771 9109 5666 
121 9925 9742 6021 3632 3247 3665 8983 4338 8657 9492 276 4239 40 6871 2614 2141 7183 2168 3764 4655 7721 8954 7016 1430 8746 6551 2644 365 6990 3439 2687 7317 6562 9725 6793 4545 1810 5969 2175 2281 3388 9153 5045 3908 8131 8358 5964 1899 67 4212 1920 3798 6646 7288 9739 4160 1406 2220 533 585 1094 4373 2287 8129 8610 4033 4129 2485 8029 2653 2447 5884 2200 8155 5385 3473 6689 8291 9085 6777 6087 4786 3337 5111 3395 4528 786 3526 885 9259 1506 5088 9680 3626 6602 1731 2063 1375 6577 1543 9476 7604 731 5430 891 5734 769 3522 4257 2400 6821 788 1540 4339 8216 2901 2587 6647 5690 1993 582 
108 9215 724 3581 2996 3628 6683 9460 9942 6796 7496 9797 477 7481 6973 3953 5612 8693 7144 7667 1907 62 7769 3949 8012 1133 3669 3326 4478 7960 1411 8793 4004 3770 3912 4370 1883 7993 2654 5856 8511 6268 3892 3670 7863 8437 6997 5289 3356 3456 1044 1796 8446 4919 339 2973 863 9672 9177 6483 99 8780 8990 6698 1383 5737 5790 1088 955 6940 3890 4704 7975 4706 2026 3068 6900 9005 9532 8 28 5203 7398 728 9048 3864 9146 7892 1110 4362 186 8287 5016 1877 9633 192 4840 2088 617 8918 6404 8290 5021 1071 8443 2952 2582 1596 7234 
111 1466 2156 3720 1512 352 8961 1956 6001 5865 4803 9743 3598 2042 9804 5668 7699 7161 627 3177 3266 4607 6211 343 5351 216 2468 5348 745 3275 5223 6274 3604 1725 3715 2001 6740 6276 6344 7629 313 1852 5509 3925 7466 7767 5501 9728 1880 4223 5768 9300 5974 1962 4032 4713 4417 895 3514 7831 7035 9196 1439 8860 8135 335 756 9998 5060 9017 6967 508 8230 5750 4330 9083 4203 5858 5094 7198 9578 4816 4859 3861 9623 7139 735 7306 88 8823 3111 4884 2214 1279 5459 2510 9099 2706 9778 4841 8916 5780 3985 7729 8585 7631 3931 4461 5418 9643 7688 1289 
118 8724 688 7205 4501 8406 7216 5324 7235 6959 8851 1924 9227 6970 5153 4896 7744 3295 1421 3612 5680 3992 3757 9761 289 2218 949 7176 3722 4104 1593 7110 1340 8991 8920 150 9491 3018 4885 4550 7784 257 1683 6069 9970 9281 7680 7275 7108 6813 4266 5137 4547 2818 1176 2463 6941 3317 2148 1744 6026 3061 1451 6772 2300 7924 6644 3814 4843 2889 6628 4645 2181 6712 8420 7040 3088 9779 5636 9641 6270 8156 5421 1844 8212 5264 1814 2102 5025 1041 8922 2503 1005 1112 1633 3219 9523 3614 787 8247 3859 894 1115 8077 6052 3308 9463 2123 1891 1313 6498 3872 4345 9555 9431 1946 1793 5065 5738 
120 7735 8545 1925 8440 8177 6461 2365 5721 5917 2512 5129 1835 2570 1745 9956 9606 5333 6283 2526 4697 9773 9096 8992 6731 703 9961 2637 7464 572 134 3556 4315 7489 9583 7202 9220 8904 4457 1118 1089 1872 7484 8617 790 5279 2986 2647 258 8145 334 116 5405 4092 6780 9278 6129 5664 1642 1621 664 7431 4213 6540 1535 3605 2387 6111 183 8168 2697 2231 4470 9717 2806 2333 9174 1033 2173 7578 2131 9867 2639 4372 7624 9316 9512 5338 9746 6373 5626 7444 7034 2816 1843 3823 8951 3469 9167 18 2392 8179 7523 983 1974 3930 1333 1396 2667 6068 1105 1550 3664 6776 1697 8539 2809 5284 2719 6804 9895 
104 2163 1030 8472 839 3937 1556 5077 191 4068 747 2305 8049 9702 1059 7579 7367 2343 1985 4084 5051 5797 5 8634 9229 5446 3858 6738 927 9457 36 4341 7835 9883 1194 3742 4941 7875 8153 9526 4582 9809 3314 3435 4835 4132 4425 3543 7300 3251 2743 6716 1170 5230 3401 920 1409 3616 9617 1927 9264 7622 2111 8217 2975 4162 1931 2029 2321 6827 326 8496 5288 4991 8856 488 7372 9541 3617 3270 6194 4283 9379 2363 6801 8985 9602 1479 6260 9667 9637 8637 8002 1943 8218 882 3958 7772 6157 7178 1367 9410 3403 1651 5638 
108 9696 94 7297 6319 4236 3833 9117 5952 1816 7309 3302 1590 3201 68 4400 1737 9621 6995 4248 8108 589 4030 6566 3917 8050 3103 3513 5296 8389 3037 5084 2039 5074 1248 2230 7847 3379 6357 2030 3986 7334 7935 3955 6434 5770 2935 8659 5352 2685 5118 6224 1929 189 8007 1914 3828 7859 305 234 2015 3250 6786 2949 1050 3895 9323 6649 2663 6417 1265 5038 5931 875 8869 6285 6023 4770 9026 4308 4755 4013 2655 6116 6131 695 5155 1878 197 3510 8520 9713 9766 8018 1939 7164 4346 7856 4237 8317 3956 2493 4791 7806 4235 6732 4037 447 5885 
108 929 3492 3496 523 7793 256 6475 9755 8919 2244 6936 5109 817 8872 6869 304 7723 9549 7259 1076 4553 393 9907 6634 7915 2744 5424 4116 9362 5748 7111 9425 1603 5293 4736 925 7812 4641 5189 6412 886 8760 9815 868 8889 8815 5124 9116 4376 7846 3584 9458 7663 3065 7258 5135 5947 5727 713 9666 5646 7018 6462 2631 9209 9630 645 5174 9276 5692 3329 3594 2022 7283 8800 7373 2515 6346 3787 1949 8676 5933 708 4484 7498 828 826 1546 9903 2491 2427 8515 9582 8712 2571 8244 860 3451 9927 5844 7801 2031 3366 4897 2850 2296 9969 7996 
101 804 9443 1125 7984 552 7529 1407 5247 7969 1499 9806 6790 1863 952 5829 4391 5416 158 5478 9462 5138 679 9571 2745 2266 3243 996 5369 5861 9737 1980 4031 4062 1986 1861 4844 9502 199 1524 3310 3121 9655 2121 8332 3010 8142 6836 3944 7953 1552 8475 6895 8732 3470 4258 2419 8319 9587 7881 5614 744 6939 1246 2723 8984 4987 742 3428 9199 7646 3964 2035 7565 2628 6458 2240 1202 4569 8326 7252 9301 3066 1686 1583 2618 8219 5725 1765 6136 573 9613 5650 3583 8487 3226 4268 3202 4866 9841 1397 3818 
103 2381 8896 698 3361 5136 1807 4088 271 3044 4535 7084 4937 4910 6113 5520 3620 2664 2221 5522 2126 6658 2918 2838 7467 4377 2853 4745 8828 8322 6300 3887 2176 110 525 9260 5035 3144 7037 5647 3298 9793 9677 1960 2408 1650 109 6010 5600 8015 3003 7077 2666 7882 3896 9283 8578 9794 2462 2695 6621 2568 3043 762 1781 1973 8034 5841 8107 2164 3822 1743 8098 5891 3282 6525 1200 1561 7113 3200 520 4173 351 1277 374 1017 4907 9277 7453 4531 7544 5747 205 9904 321 2371 7921 7322 6598 1791 9802 1637 283 5255 
116 5801 9038 9957 6214 3911 6093 417 4169 1909 9933 3476 5534 906 9120 1776 3391 5868 571 7180 2053 2295 6746 3091 7299 9456 8897 939 975 6419 6446 9939 261 3683 1370 3254 5976 363 5142 4929 7062 9842 8213 1349 3431 4047 2808 9952 9029 223 2852 1097 225 3893 8963 7043 5839 1103 2372 917 4676 3301 2219 2708 8599 4522 9469 5567 7932 7733 303 7292 9671 3408 6759 490 7961 6775 4653 6685 8692 9521 122 6401 6333 139 3523 7274 8359 4772 5518 770 4265 6273 3424 7868 4608 2559 8554 8343 8241 2718 1509 7810 6041 677 396 9987 4698 8986 8574 5029 224 8631 6576 6632 6202 
106 7545 3179 5008 5595 6992 5740 3260 61 7698 8949 7798 3172 8053 2815 1220 1715 9322 171 4053 1276 6580 2401 3573 7359 7240 4758 5168 7483 8874 4396 9733 6666 1189 1431 8055 7071 5983 7082 7771 9127 6976 7830 9628 8661 3415 1948 918 7344 7130 2010 5767 8348 7853 4424 96 8498 7778 56 2945 4054 7808 1780 5498 7635 1903 8671 9518 3372 5923 1901 5335 6297 7599 1528 2880 4445 9684 7954 8229 9859 9879 1086 4979 2025 3081 9524 2962 2422 8803 2779 1361 940 3328 1288 4552 9767 1672 8298 7697 8387 9847 6121 4418 4576 4901 6575 
112 1387 3991 8492 915 4773 3679 6250 2396 6983 2253 8074 2186 5448 5910 2166 1588 3238 2024 3755 2429 2710 7538 402 2762 6309 4048 2728 1882 5312 4194 5090 3648 8993 5023 392 7409 718 6820 3606 4028 1548 9012 5395 6581 8536 1126 5451 3502 1188 922 8378 4779 9390 2077 6998 9483 2278 4800 222 6850 6009 3109 2727 4321 8171 7231 6792 7832 3776 2997 6682 4359 4778 935 2361 8064 5656 6243 4102 1107 9605 2529 8451 9433 372 4733 1900 1337 7551 4061 4416 9025 1119 6660 2308 3041 575 8484 5471 6881 6883 3138 4354 696 966 2585 6149 5007 3159 6279 7215 4347 
97 3452 8205 6729 528 8566 4957 2350 540 9273 2752 8237 4408 4250 8250 5744 5368 9665 2608 5435 7441 3587 9848 1821 9954 1132 2919 3167 1423 4856 8668 6225 9482 3863 5699 3315 2720 7990 832 4749 6406 6253 5265 1482 9060 8787 4148 9668 2581 3102 7630 4610 8757 7438 3419 1941 6058 7003 772 9429 6839 1230 6558 6529 5893 9926 9843 2159 8354 4744 2347 7452 293 9536 8647 8739 441 2065 4038 7289 7644 9878 1947 8846 9535 5586 6397 2441 2385 8353 8619 1484 3472 9607 126 3021 9958 63 
96 8653 7096 4543 5889 2855 7611 3519 2940 6509 8613 3 2930 1795 6657 5705 5682 236 173 5218 8620 7227 9059 22 2961 1759 1897 6523 3069 5911 2799 9690 3487 5036 3546 4533 741 2705 5411 4601 1091 2500 4617 1968 3441 4637 9344 5095 214 2060 3674 9507 1511 8975 5037 9513 9103 2299 905 2246 9896 2259 3945 495 8452 562 3738 7293 2455 2438 284 267 5190 5765 8169 5624 7128 1297 9924 9020 2398 5629 2819 8559 4580 6311 3197 4683 7371 6094 1184 8774 8583 4923 1665 4594 9307 
97 8394 5149 9635 9075 5537 8625 3322 8083 8950 4050 5999 4629 6005 2768 8549 4309 5188 4673 9485 2531 662 2489 794 6218 8914 5570 3158 6584 5277 5012 2083 3166 5222 2078 452 7802 6191 3553 4906 5290 7877 567 3695 6176 2056 1553 2560 57 4477 3672 2979 6323 8972 3837 2327 1789 4847 3125 3824 3325 4742 3248 9473 7479 9396 8767 9105 7971 5620 3017 1072 5250 9603 8065 7073 6702 3426 857 6769 4108 9253 3588 3239 2203 3014 4291 5593 8953 467 7843 120 3062 1399 5717 7568 711 2994 
105 9692 286 5939 9498 7031 6200 1746 5197 8781 702 1976 9408 7442 9150 1644 2914 5945 5990 7952 9147 1794 2138 8756 9223 9585 93 4487 3465 383 720 2274 2707 2892 4483 4432 1304 5490 5119 1419 5584 2943 5064 4869 6674 6252 5282 8666 2903 3132 3063 1461 7893 5786 4072 4335 8242 4232 9387 263 7803 9077 583 7217 4534 2972 7093 2473 2596 3690 5179 7716 5283 6349 4234 8863 9373 1208 3087 5710 4324 1501 7263 4537 4790 7714 1538 1281 8736 7463 9863 3274 8582 4561 3218 1928 3305 3106 2386 6390 9873 7886 9782 8385 7272 2338 
99 7186 7539 726 4994 1113 7979 6664 350 4824 4219 8699 2051 1025 6844 5144 5525 5126 8368 1300 7412 3619 2334 6389 8673 4454 6944 4521 3156 2061 7024 2624 4997 168 1643 6033 3603 8159 8967 8931 359 4825 8989 1544 6735 9217 2114 3941 1145 6426 4120 3888 1070 8490 2185 3437 5695 2256 4113 1173 5531 5081 6724 8041 5733 705 7632 8419 1087 279 7051 4606 5745 3933 5089 2190 3133 8344 1497 876 7461 6239 808 1995 7342 399 8845 2093 3717 7858 5276 4890 7123 4540 9330 7655 2007 6952 1911 2980 
87 7337 4060 8678 6595 1670 3312 3324 3659 2963 2003 6351 1855 3671 7865 899 9242 9494 7896 4356 7338 3195 4452 8541 6764 5355 8123 5407 6188 4204 1228 5550 2643 3454 1436 2092 387 3011 7150 7919 7114 7493 2369 3920 3753 9757 4378 3047 4970 4106 5287 613 9419 8534 9676 2272 5103 3550 7098 179 2023 3365 154 2073 7254 8806 622 6679 6548 6281 4426 2177 1374 5342 2104 3208 3988 3311 4380 2345 6161 2143 8402 6561 8715 511 7756 6164 
87 4397 5756 4765 227 4318 5815 5298 9515 8277 4165 6322 6766 7286 8594 2840 4597 4231 250 6369 7768 2450 5556 6547 6186 8638 6652 8238 6690 5366 7472 7305 9545 9857 1172 7370 6085 6386 4511 8094 32 838 6741 7844 9931 2237 6846 8688 9292 1887 4525 3552 8480 247 3880 307 976 5631 864 8580 8704 1775 5892 4563 9682 8531 1586 5709 7977 7360 2376 1790 6688 2626 1958 8981 8658 6028 3697 9968 9349 7654 655 9838 1315 977 4625 8618 
74 3775 3460 4769 9930 6030 8540 9612 7575 7147 3733 9590 489 930 9943 2950 177 980 2832 6675 9885 6230 1477 2931 9529 2011 4290 5811 2076 2923 39 5830 9370 3622 2546 278 6380 5730 2658 8764 5541 5248 1224 8196 9266 5927 9783 6035 272 1334 1008 5321 5414 3115 6608 2934 9972 2199 9198 9348 1869 948 859 6818 1393 9774 3467 7966 6524 561 7608 5470 1773 3107 2388 
79 6062 687 7421 5472 6003 1809 2304 7867 4123 1264 1681 6481 4887 4096 3804 8494 5742 2574 9675 8848 7931 2318 1081 2457 6037 1516 2735 9839 3392 54 6183 5292 6612 133 557 3801 6742 1052 4139 6432 3409 112 7236 4555 4865 5340 6120 4763 4441 3732 5630 913 1284 3093 8570 6165 364 4968 7204 3221 9789 3483 1857 7857 7228 7074 5359 7121 1601 3719 1323 836 3038 9296 5836 5273 4539 8670 4915 
72 6610 5069 4458 2769 3268 6284 8615 4476 2519 1055 8320 2096 5303 2410 1777 1895 8316 4247 6847 7743 4040 2097 1092 753 4021 5281 3124 4599 6951 2981 4855 7238 8355 6453 6851 9119 1616 6302 9683 8758 471 285 3852 4719 6736 1970 342 8524 201 4220 5544 727 7420 4849 2377 6420 5785 3257 5589 6911 4255 8777 4450 8672 7089 6842 764 4685 1738 9768 7187 8799 
67 49 1860 460 4715 1267 3623 2633 1123 4018 3412 5912 5580 7379 4950 1541 8076 530 902 5769 2788 9274 6472 7955 2028 4497 6590 933 5304 3134 2606 2859 858 7712 7491 7199 3897 7700 4750 2110 1584 1741 9922 9337 6064 3077 4725 4491 5271 1984 1355 3809 988 7657 317 8622 5408 9865 9576 77 3289 2620 8132 4635 2565 4184 2480 1766 
63 8118 3811 3367 7603 8697 8766 4082 813 7719 8111 6817 3299 9619 685 425 4588 2960 290 5322 7036 9760 1444 5791 7838 7340 2577 6878 5006 6147 4112 635 6384 52 1341 2227 8367 6528 4159 8656 2688 4211 7446 6605 5607 4024 3739 1687 1699 3023 8818 1951 1815 7411 7617 7553 6217 1001 7399 4063 5044 5033 1298 9741 
55 9459 7109 82 5258 3283 5210 1095 5022 3001 8873 3182 9990 9554 2937 8723 7580 4559 9889 6531 7243 4168 1724 9051 4612 3705 7233 2464 2151 5758 7558 5590 830 3113 4493 7848 1748 3761 7685 1026 8071 9649 9468 9061 1328 4039 4927 7154 9805 2268 8412 518 3870 2783 419 4361 
47 5377 6237 3455 3411 8072 784 6816 5323 4273 9648 8649 7142 1609 230 2689 6233 9976 1435 7811 8832 1988 8734 8976 9309 751 1068 4845 6726 4509 6466 6045 6555 8048 6641 707 7266 5141 8888 5085 1061 4042 4228 6142 6806 9204 124 519 
39 5112 2906 9627 4718 1612 8957 7944 5177 5105 7468 5343 472 1082 7190 5350 9089 2178 644 2878 2032 7564 3567 5495 1394 658 3736 3189 6805 3725 1663 6455 1912 1311 2896 6366 8265 4747 3517 8465 
36 3914 4195 1260 4587 795 2018 5875 8687 4264 8150 4130 9087 4732 7068 394 3495 5731 7737 6476 7506 7170 8301 329 6122 921 8357 9496 6917 5381 8188 2627 8683 2134 5204 9255 7502 
26 6313 7957 1042 1131 5857 3830 3821 7045 8309 4064 2052 7766 5018 4230 7500 7507 7547 7819 8209 9657 1031 7799 3529 6055 7021 2436 
29 357 1257 3851 6710 5619 1932 2674 1839 8486 8588 1242 1269 1622 8623 8808 1557 2122 1163 8448 4928 7571 5866 7145 8716 10 5562 2157 6730 7917 
25 7625 5086 6255 1913 3537 4514 9350 9870 3784 8289 5474 4243 9812 4854 1234 433 7017 6241 607 6865 277 1990 2611 5723 9577 
18 6677 3536 7728 9533 4446 5440 4774 6984 8612 1157 1438 5339 3294 1669 6942 3570 3642 2288 
16 6504 3836 5163 431 9910 8943 636 1065 8059 8342 2079 5445 9882 1099 9481 6246 
13 6444 8646 7671 2651 3407 1090 8091 6089 6593 6480 212 496 6787 
9 6718 1317 2116 5807 1987 3910 5473 7063 4678 
7 2049 8493 6645 4690 2406 1921 7456 
4 8439 155 9192 7899 
6 3509 4712 7049 3634 9558 9604 
4 7193 202 7162 969 
2 3375 3810 
2 9343 4978 
2 2791 7364 
3 2630 6065 6172 
3 1864 1508 6627 
2 2678 7820 
2 8314 85 
3 9527 5707 8636 
3 7134 8694 7796 
2 849 5486 
2 7559 9138 
2 3436 9346 
2 8629 6906 
3 900 2149 8311 
2 6835 973 
1 75 
2 8009 4188 
2 2367 1154 
2 7652 5517 
1 5987 
2 6511 4644 
2 9700 2451 
2 9418 2423 
1 4300 
2 4171 6479 
1 1648 
1 7417 
1 3708 
1 5193 
1 5453 
1 6588 
1 7690 
1 6090 
1 2103 
1 694 
1 7010 
1 7326 
1 960 
1 3232 
1 5107 
0 
0 
0 
0 
0 
0 
0 
0 
0 
0 
0 
0 
0 
0 
0 
0 
0 
0 
0 
0 
0 
0 
0 
0 
0 
0 
0 
0 
0 
0 
0 
0 
0 
0 
0 
0 
0 
0 
0 
0 
0 
0 
0 
0 
0 
0 
0 
0 
0 
0 
0 
0 
0 
0 
0 
0 
0 
0 
0 
0 
0 
0 
0 
0 
0 
0 
0 
0 
0 
0 
0 
0 
0 
0 
0 
0 
0 
0 
0 
0 
0 
0 
0 
0 
0 
0 
0 
0 
0 
0 
0 
0 
0 
0 
0 
0 
0 
0 
0 
0 
0 
0 
0 
0 
0 
0 
0 
0 
0 
0 
0 
0 
0 
0 
0 
0 
0 
0 
0 
0 
0 
0 
0 
0 
0 
0 
0 
0 
0 
0 
0 
0 
0 
0 
0 
0 
0 
0 
0 
0 
0 
0 
0 
0 
0 
0 
0 
0 
0 
0 
0 
0 
0 
0 
0 
0 
0 
0 
0 
0 
0 
0 
0 
0 
0 
0 
0 
0 
0 
0 
0 
0 
0 
0 
0 
0 
0 
0 
0 
0 
0 
0 
0 
0 
0 
0 
0 
0 
0 
0 
0 
0 
0 
0 
0 
0 
0 
0 
0 
0 
0 
0 
0 
0 